  row 1 2 3 4 5 | 1 2 3 4 5 6 | action mask
  -----------------------------------------
   0  1 1 1 1 1   5 0 0 0 0 0    0011111111111111111111111111111111111111111111111111111111111 False
   1  1 1 1 1 2   4 1 0 0 0 0    0001111011111111111111111111111111111111111111111111111111111 False
   2  1 1 1 1 3   4 0 1 0 0 0    0010111101111111111111111111111111111111111111111111111111111 False
   3  1 1 1 1 4   4 0 0 1 0 0    0011011110111111111111111111111111111111111111111111111111111 False
   4  1 1 1 1 5   4 0 0 0 1 0    0011101111011111111111111111111111111111111111111111111111111 False
   5  1 1 1 1 6   4 0 0 0 0 1    0011110111101111111111111111111111111111111111111111111111111 False
   6  1 1 1 2 2   3 2 0 0 0 0    0001111011111111111111111111111111111111111111111111111111111 False
   7  1 1 1 2 3   3 1 1 0 0 0    0000111001110111111111011111111111111111111111111111111111111 False
   8  1 1 1 2 4   3 1 0 1 0 0    0001011010111011111111101111111111111111111111111111111111111 False
   9  1 1 1 2 5   3 1 0 0 1 0    0001101011011101111111110111111111111111111111111111111111111 False
  10  1 1 1 2 6   3 1 0 0 0 1    0001110011101110111111111011111111111111111111111111111111111 False
  11  1 1 1 3 3   3 0 2 0 0 0    0010111101111111111111111111111111111111111111111111111111111 False
  12  1 1 1 3 4   3 0 1 1 0 0    0010011100111111011111111101111111111111111111111111111111111 False
  13  1 1 1 3 5   3 0 1 0 1 0    0010101101011111101111111110111111111111111111111111111111111 False
  14  1 1 1 3 6   3 0 1 0 0 1    0010110101101111110111111111011111111111111111111111111111111 False
  15  1 1 1 4 4   3 0 0 2 0 0    0011011110111111111111111111111111111111111111111111111111111 False
  16  1 1 1 4 5   3 0 0 1 1 0    0011001110011111111011111111101111111111111111111111111111111 False
  17  1 1 1 4 6   3 0 0 1 0 1    0011010110101111111101111111110111111111111111111111111111111 False
  18  1 1 1 5 5   3 0 0 0 2 0    0011101111011111111111111111111111111111111111111111111111111 False
  19  1 1 1 5 6   3 0 0 0 1 1    0011100111001111111110111111111011111111111111111111111111111 False
  20  1 1 1 6 6   3 0 0 0 0 2    0011110111101111111111111111111111111111111111111111111111111 False
  21  1 1 2 2 2   2 3 0 0 0 0    0001111011111111111111111111111111111111111111111111111111111 False
  22  1 1 2 2 3   2 2 1 0 0 0    0000111001110111111111011111111111111111111111111111111111111 False
  23  1 1 2 2 4   2 2 0 1 0 0    0001011010111011111111101111111111111111111111111111111111111 False
  24  1 1 2 2 5   2 2 0 0 1 0    0001101011011101111111110111111111111111111111111111111111111 False
  25  1 1 2 2 6   2 2 0 0 0 1    0001110011101110111111111011111111111111111111111111111111111 False
  26  1 1 2 3 3   2 1 2 0 0 0    0000111001110111111111011111111111111111111111111111111111111 False
  27  1 1 2 3 4   2 1 1 1 0 0    0000011000110011011111001101111101111111110111111111111111110 True
  28  1 1 2 3 5   2 1 1 0 1 0    0000101001010101101111010110111110111111111011111111111111110 True
  29  1 1 2 3 6   2 1 1 0 0 1    0000110001100110110111011011011111011111111101111111111111111 False
  30  1 1 2 4 4   2 1 0 2 0 0    0001011010111011111111101111111111111111111111111111111111111 False
  31  1 1 2 4 5   2 1 0 1 1 0    0001001010011001111011100111101111101111111111111111111111110 True
  32  1 1 2 4 6   2 1 0 1 0 1    0001010010101010111101101011110111110111111111111111111111111 False
  33  1 1 2 5 5   2 1 0 0 2 0    0001101011011101111111110111111111111111111111111111111111111 False
  34  1 1 2 5 6   2 1 0 0 1 1    0001100011001100111110110011111011111011111111111111111111111 False
  35  1 1 2 6 6   2 1 0 0 0 2    0001110011101110111111111011111111111111111111111111111111111 False
  36  1 1 3 3 3   2 0 3 0 0 0    0010111101111111111111111111111111111111111111111111111111111 False
  37  1 1 3 3 4   2 0 2 1 0 0    0010011100111111011111111101111111111111111111111111111111111 False
  38  1 1 3 3 5   2 0 2 0 1 0    0010101101011111101111111110111111111111111111111111111111111 False
  39  1 1 3 3 6   2 0 2 0 0 1    0010110101101111110111111111011111111111111111111111111111111 False
  40  1 1 3 4 4   2 0 1 2 0 0    0010011100111111011111111101111111111111111111111111111111111 False
  41  1 1 3 4 5   2 0 1 1 1 0    0010001100011111001011111100101111111101111110111111111111110 True
  42  1 1 3 4 6   2 0 1 1 0 1    0010010100101111010101111101010111111110111111011111111111111 False
  43  1 1 3 5 5   2 0 1 0 2 0    0010101101011111101111111110111111111111111111111111111111111 False
  44  1 1 3 5 6   2 0 1 0 1 1    0010100101001111100110111110011011111111011111101111111111111 False
  45  1 1 3 6 6   2 0 1 0 0 2    0010110101101111110111111111011111111111111111111111111111111 False
  46  1 1 4 4 4   2 0 0 3 0 0    0011011110111111111111111111111111111111111111111111111111111 False
  47  1 1 4 4 5   2 0 0 2 1 0    0011001110011111111011111111101111111111111111111111111111111 False
  48  1 1 4 4 6   2 0 0 2 0 1    0011010110101111111101111111110111111111111111111111111111111 False
  49  1 1 4 5 5   2 0 0 1 2 0    0011001110011111111011111111101111111111111111111111111111111 False
  50  1 1 4 5 6   2 0 0 1 1 1    0011000110001111111000111111100011111111101111110111111111111 False
  51  1 1 4 6 6   2 0 0 1 0 2    0011010110101111111101111111110111111111111111111111111111111 False
  52  1 1 5 5 5   2 0 0 0 3 0    0011101111011111111111111111111111111111111111111111111111111 False
  53  1 1 5 5 6   2 0 0 0 2 1    0011100111001111111110111111111011111111111111111111111111111 False
  54  1 1 5 6 6   2 0 0 0 1 2    0011100111001111111110111111111011111111111111111111111111111 False
  55  1 1 6 6 6   2 0 0 0 0 3    0011110111101111111111111111111111111111111111111111111111111 False
  56  1 2 2 2 2   1 4 0 0 0 0    0001111011111111111111111111111111111111111111111111111111111 False
  57  1 2 2 2 3   1 3 1 0 0 0    0000111001110111111111011111111111111111111111111111111111111 False
  58  1 2 2 2 4   1 3 0 1 0 0    0001011010111011111111101111111111111111111111111111111111111 False
  59  1 2 2 2 5   1 3 0 0 1 0    0001101011011101111111110111111111111111111111111111111111111 False
  60  1 2 2 2 6   1 3 0 0 0 1    0001110011101110111111111011111111111111111111111111111111111 False
  61  1 2 2 3 3   1 2 2 0 0 0    0000111001110111111111011111111111111111111111111111111111111 False
  62  1 2 2 3 4   1 2 1 1 0 0    0000011000110011011111001101111101111111110111111111111111110 True
  63  1 2 2 3 5   1 2 1 0 1 0    0000101001010101101111010110111110111111111011111111111111110 True
  64  1 2 2 3 6   1 2 1 0 0 1    0000110001100110110111011011011111011111111101111111111111111 False
  65  1 2 2 4 4   1 2 0 2 0 0    0001011010111011111111101111111111111111111111111111111111111 False
  66  1 2 2 4 5   1 2 0 1 1 0    0001001010011001111011100111101111101111111111111111111111110 True
  67  1 2 2 4 6   1 2 0 1 0 1    0001010010101010111101101011110111110111111111111111111111111 False
  68  1 2 2 5 5   1 2 0 0 2 0    0001101011011101111111110111111111111111111111111111111111111 False
  69  1 2 2 5 6   1 2 0 0 1 1    0001100011001100111110110011111011111011111111111111111111111 False
  70  1 2 2 6 6   1 2 0 0 0 2    0001110011101110111111111011111111111111111111111111111111111 False
  71  1 2 3 3 3   1 1 3 0 0 0    0000111001110111111111011111111111111111111111111111111111111 False
  72  1 2 3 3 4   1 1 2 1 0 0    0000011000110011011111001101111101111111110111111111111111110 True
  73  1 2 3 3 5   1 1 2 0 1 0    0000101001010101101111010110111110111111111011111111111111110 True
  74  1 2 3 3 6   1 1 2 0 0 1    0000110001100110110111011011011111011111111101111111111111111 False
  75  1 2 3 4 4   1 1 1 2 0 0    0000011000110011011111001101111101111111110111111111111111110 True
  76  1 2 3 4 5   1 1 1 1 1 0    0000001000010001001011000100101100101101110010111011110111111 False
  77  1 2 3 4 6   1 1 1 1 0 1    0000010000100010010101001001010101010110110101011101111011111 True
  78  1 2 3 5 5   1 1 1 0 2 0    0000101001010101101111010110111110111111111011111111111111110 True
  79  1 2 3 5 6   1 1 1 0 1 1    0000100001000100100110010010011010011011011001101110111101111 True
  80  1 2 3 6 6   1 1 1 0 0 2    0000110001100110110111011011011111011111111101111111111111111 False
  81  1 2 4 4 4   1 1 0 3 0 0    0001011010111011111111101111111111111111111111111111111111111 False
  82  1 2 4 4 5   1 1 0 2 1 0    0001001010011001111011100111101111101111111111111111111111110 True
  83  1 2 4 4 6   1 1 0 2 0 1    0001010010101010111101101011110111110111111111111111111111111 False
  84  1 2 4 5 5   1 1 0 1 2 0    0001001010011001111011100111101111101111111111111111111111110 True
  85  1 2 4 5 6   1 1 0 1 1 1    0001000010001000111000100011100011100011101111110111011110111 True
  86  1 2 4 6 6   1 1 0 1 0 2    0001010010101010111101101011110111110111111111111111111111111 False
  87  1 2 5 5 5   1 1 0 0 3 0    0001101011011101111111110111111111111111111111111111111111111 False
  88  1 2 5 5 6   1 1 0 0 2 1    0001100011001100111110110011111011111011111111111111111111111 False
  89  1 2 5 6 6   1 1 0 0 1 2    0001100011001100111110110011111011111011111111111111111111111 False
  90  1 2 6 6 6   1 1 0 0 0 3    0001110011101110111111111011111111111111111111111111111111111 False
  91  1 3 3 3 3   1 0 4 0 0 0    0010111101111111111111111111111111111111111111111111111111111 False
  92  1 3 3 3 4   1 0 3 1 0 0    0010011100111111011111111101111111111111111111111111111111111 False
  93  1 3 3 3 5   1 0 3 0 1 0    0010101101011111101111111110111111111111111111111111111111111 False
  94  1 3 3 3 6   1 0 3 0 0 1    0010110101101111110111111111011111111111111111111111111111111 False
  95  1 3 3 4 4   1 0 2 2 0 0    0010011100111111011111111101111111111111111111111111111111111 False
  96  1 3 3 4 5   1 0 2 1 1 0    0010001100011111001011111100101111111101111110111111111111110 True
  97  1 3 3 4 6   1 0 2 1 0 1    0010010100101111010101111101010111111110111111011111111111111 False
  98  1 3 3 5 5   1 0 2 0 2 0    0010101101011111101111111110111111111111111111111111111111111 False
  99  1 3 3 5 6   1 0 2 0 1 1    0010100101001111100110111110011011111111011111101111111111111 False
 100  1 3 3 6 6   1 0 2 0 0 2    0010110101101111110111111111011111111111111111111111111111111 False
 101  1 3 4 4 4   1 0 1 3 0 0    0010011100111111011111111101111111111111111111111111111111111 False
 102  1 3 4 4 5   1 0 1 2 1 0    0010001100011111001011111100101111111101111110111111111111110 True
 103  1 3 4 4 6   1 0 1 2 0 1    0010010100101111010101111101010111111110111111011111111111111 False
 104  1 3 4 5 5   1 0 1 1 2 0    0010001100011111001011111100101111111101111110111111111111110 True
 105  1 3 4 5 6   1 0 1 1 1 1    0010000100001111000000111100000011111100001110000111101111011 True
 106  1 3 4 6 6   1 0 1 1 0 2    0010010100101111010101111101010111111110111111011111111111111 False
 107  1 3 5 5 5   1 0 1 0 3 0    0010101101011111101111111110111111111111111111111111111111111 False
 108  1 3 5 5 6   1 0 1 0 2 1    0010100101001111100110111110011011111111011111101111111111111 False
 109  1 3 5 6 6   1 0 1 0 1 2    0010100101001111100110111110011011111111011111101111111111111 False
 110  1 3 6 6 6   1 0 1 0 0 3    0010110101101111110111111111011111111111111111111111111111111 False
 111  1 4 4 4 4   1 0 0 4 0 0    0011011110111111111111111111111111111111111111111111111111111 False
 112  1 4 4 4 5   1 0 0 3 1 0    0011001110011111111011111111101111111111111111111111111111111 False
 113  1 4 4 4 6   1 0 0 3 0 1    0011010110101111111101111111110111111111111111111111111111111 False
 114  1 4 4 5 5   1 0 0 2 2 0    0011001110011111111011111111101111111111111111111111111111111 False
 115  1 4 4 5 6   1 0 0 2 1 1    0011000110001111111000111111100011111111101111110111111111111 False
 116  1 4 4 6 6   1 0 0 2 0 2    0011010110101111111101111111110111111111111111111111111111111 False
 117  1 4 5 5 5   1 0 0 1 3 0    0011001110011111111011111111101111111111111111111111111111111 False
 118  1 4 5 5 6   1 0 0 1 2 1    0011000110001111111000111111100011111111101111110111111111111 False
 119  1 4 5 6 6   1 0 0 1 1 2    0011000110001111111000111111100011111111101111110111111111111 False
 120  1 4 6 6 6   1 0 0 1 0 3    0011010110101111111101111111110111111111111111111111111111111 False
 121  1 5 5 5 5   1 0 0 0 4 0    0011101111011111111111111111111111111111111111111111111111111 False
 122  1 5 5 5 6   1 0 0 0 3 1    0011100111001111111110111111111011111111111111111111111111111 False
 123  1 5 5 6 6   1 0 0 0 2 2    0011100111001111111110111111111011111111111111111111111111111 False
 124  1 5 6 6 6   1 0 0 0 1 3    0011100111001111111110111111111011111111111111111111111111111 False
 125  1 6 6 6 6   1 0 0 0 0 4    0011110111101111111111111111111111111111111111111111111111111 False
 126  2 2 2 2 2   0 5 0 0 0 0    0101111111111111111111111111111111111111111111111111111111111 False
 127  2 2 2 2 3   0 4 1 0 0 0    0100111111110111111111111111111111111111111111111111111111111 False
 128  2 2 2 2 4   0 4 0 1 0 0    0101011111111011111111111111111111111111111111111111111111111 False
 129  2 2 2 2 5   0 4 0 0 1 0    0101101111111101111111111111111111111111111111111111111111111 False
 130  2 2 2 2 6   0 4 0 0 0 1    0101110111111110111111111111111111111111111111111111111111111 False
 131  2 2 2 3 3   0 3 2 0 0 0    0100111111110111111111111111111111111111111111111111111111111 False
 132  2 2 2 3 4   0 3 1 1 0 0    0100011111110011011111111111111101111111111111111111111111111 False
 133  2 2 2 3 5   0 3 1 0 1 0    0100101111110101101111111111111110111111111111111111111111111 False
 134  2 2 2 3 6   0 3 1 0 0 1    0100110111110110110111111111111111011111111111111111111111111 False
 135  2 2 2 4 4   0 3 0 2 0 0    0101011111111011111111111111111111111111111111111111111111111 False
 136  2 2 2 4 5   0 3 0 1 1 0    0101001111111001111011111111111111101111111111111111111111111 False
 137  2 2 2 4 6   0 3 0 1 0 1    0101010111111010111101111111111111110111111111111111111111111 False
 138  2 2 2 5 5   0 3 0 0 2 0    0101101111111101111111111111111111111111111111111111111111111 False
 139  2 2 2 5 6   0 3 0 0 1 1    0101100111111100111110111111111111111011111111111111111111111 False
 140  2 2 2 6 6   0 3 0 0 0 2    0101110111111110111111111111111111111111111111111111111111111 False
 141  2 2 3 3 3   0 2 3 0 0 0    0100111111110111111111111111111111111111111111111111111111111 False
 142  2 2 3 3 4   0 2 2 1 0 0    0100011111110011011111111111111101111111111111111111111111111 False
 143  2 2 3 3 5   0 2 2 0 1 0    0100101111110101101111111111111110111111111111111111111111111 False
 144  2 2 3 3 6   0 2 2 0 0 1    0100110111110110110111111111111111011111111111111111111111111 False
 145  2 2 3 4 4   0 2 1 2 0 0    0100011111110011011111111111111101111111111111111111111111111 False
 146  2 2 3 4 5   0 2 1 1 1 0    0100001111110001001011111111111100101101111111111011111111110 True
 147  2 2 3 4 6   0 2 1 1 0 1    0100010111110010010101111111111101010110111111111101111111110 True
 148  2 2 3 5 5   0 2 1 0 2 0    0100101111110101101111111111111110111111111111111111111111111 False
 149  2 2 3 5 6   0 2 1 0 1 1    0100100111110100100110111111111110011011011111111110111111110 True
 150  2 2 3 6 6   0 2 1 0 0 2    0100110111110110110111111111111111011111111111111111111111111 False
 151  2 2 4 4 4   0 2 0 3 0 0    0101011111111011111111111111111111111111111111111111111111111 False
 152  2 2 4 4 5   0 2 0 2 1 0    0101001111111001111011111111111111101111111111111111111111111 False
 153  2 2 4 4 6   0 2 0 2 0 1    0101010111111010111101111111111111110111111111111111111111111 False
 154  2 2 4 5 5   0 2 0 1 2 0    0101001111111001111011111111111111101111111111111111111111111 False
 155  2 2 4 5 6   0 2 0 1 1 1    0101000111111000111000111111111111100011101111111111011111110 True
 156  2 2 4 6 6   0 2 0 1 0 2    0101010111111010111101111111111111110111111111111111111111111 False
 157  2 2 5 5 5   0 2 0 0 3 0    0101101111111101111111111111111111111111111111111111111111111 False
 158  2 2 5 5 6   0 2 0 0 2 1    0101100111111100111110111111111111111011111111111111111111111 False
 159  2 2 5 6 6   0 2 0 0 1 2    0101100111111100111110111111111111111011111111111111111111111 False
 160  2 2 6 6 6   0 2 0 0 0 3    0101110111111110111111111111111111111111111111111111111111111 False
 161  2 3 3 3 3   0 1 4 0 0 0    0100111111110111111111111111111111111111111111111111111111111 False
 162  2 3 3 3 4   0 1 3 1 0 0    0100011111110011011111111111111101111111111111111111111111111 False
 163  2 3 3 3 5   0 1 3 0 1 0    0100101111110101101111111111111110111111111111111111111111111 False
 164  2 3 3 3 6   0 1 3 0 0 1    0100110111110110110111111111111111011111111111111111111111111 False
 165  2 3 3 4 4   0 1 2 2 0 0    0100011111110011011111111111111101111111111111111111111111111 False
 166  2 3 3 4 5   0 1 2 1 1 0    0100001111110001001011111111111100101101111111111011111111110 True
 167  2 3 3 4 6   0 1 2 1 0 1    0100010111110010010101111111111101010110111111111101111111110 True
 168  2 3 3 5 5   0 1 2 0 2 0    0100101111110101101111111111111110111111111111111111111111111 False
 169  2 3 3 5 6   0 1 2 0 1 1    0100100111110100100110111111111110011011011111111110111111110 True
 170  2 3 3 6 6   0 1 2 0 0 2    0100110111110110110111111111111111011111111111111111111111111 False
 171  2 3 4 4 4   0 1 1 3 0 0    0100011111110011011111111111111101111111111111111111111111111 False
 172  2 3 4 4 5   0 1 1 2 1 0    0100001111110001001011111111111100101101111111111011111111110 True
 173  2 3 4 4 6   0 1 1 2 0 1    0100010111110010010101111111111101010110111111111101111111110 True
 174  2 3 4 5 5   0 1 1 1 2 0    0100001111110001001011111111111100101101111111111011111111110 True
 175  2 3 4 5 6   0 1 1 1 1 1    0100000111110000000000111111111100000000001111111000001111101 False
 176  2 3 4 6 6   0 1 1 1 0 2    0100010111110010010101111111111101010110111111111101111111110 True
 177  2 3 5 5 5   0 1 1 0 3 0    0100101111110101101111111111111110111111111111111111111111111 False
 178  2 3 5 5 6   0 1 1 0 2 1    0100100111110100100110111111111110011011011111111110111111110 True
 179  2 3 5 6 6   0 1 1 0 1 2    0100100111110100100110111111111110011011011111111110111111110 True
 180  2 3 6 6 6   0 1 1 0 0 3    0100110111110110110111111111111111011111111111111111111111111 False
 181  2 4 4 4 4   0 1 0 4 0 0    0101011111111011111111111111111111111111111111111111111111111 False
 182  2 4 4 4 5   0 1 0 3 1 0    0101001111111001111011111111111111101111111111111111111111111 False
 183  2 4 4 4 6   0 1 0 3 0 1    0101010111111010111101111111111111110111111111111111111111111 False
 184  2 4 4 5 5   0 1 0 2 2 0    0101001111111001111011111111111111101111111111111111111111111 False
 185  2 4 4 5 6   0 1 0 2 1 1    0101000111111000111000111111111111100011101111111111011111110 True
 186  2 4 4 6 6   0 1 0 2 0 2    0101010111111010111101111111111111110111111111111111111111111 False
 187  2 4 5 5 5   0 1 0 1 3 0    0101001111111001111011111111111111101111111111111111111111111 False
 188  2 4 5 5 6   0 1 0 1 2 1    0101000111111000111000111111111111100011101111111111011111110 True
 189  2 4 5 6 6   0 1 0 1 1 2    0101000111111000111000111111111111100011101111111111011111110 True
 190  2 4 6 6 6   0 1 0 1 0 3    0101010111111010111101111111111111110111111111111111111111111 False
 191  2 5 5 5 5   0 1 0 0 4 0    0101101111111101111111111111111111111111111111111111111111111 False
 192  2 5 5 5 6   0 1 0 0 3 1    0101100111111100111110111111111111111011111111111111111111111 False
 193  2 5 5 6 6   0 1 0 0 2 2    0101100111111100111110111111111111111011111111111111111111111 False
 194  2 5 6 6 6   0 1 0 0 1 3    0101100111111100111110111111111111111011111111111111111111111 False
 195  2 6 6 6 6   0 1 0 0 0 4    0101110111111110111111111111111111111111111111111111111111111 False
 196  3 3 3 3 3   0 0 5 0 0 0    0110111111111111111111111111111111111111111111111111111111111 False
 197  3 3 3 3 4   0 0 4 1 0 0    0110011111111111011111111111111111111111111111111111111111111 False
 198  3 3 3 3 5   0 0 4 0 1 0    0110101111111111101111111111111111111111111111111111111111111 False
 199  3 3 3 3 6   0 0 4 0 0 1    0110110111111111110111111111111111111111111111111111111111111 False
 200  3 3 3 4 4   0 0 3 2 0 0    0110011111111111011111111111111111111111111111111111111111111 False
 201  3 3 3 4 5   0 0 3 1 1 0    0110001111111111001011111111111111111101111111111111111111111 False
 202  3 3 3 4 6   0 0 3 1 0 1    0110010111111111010101111111111111111110111111111111111111111 False
 203  3 3 3 5 5   0 0 3 0 2 0    0110101111111111101111111111111111111111111111111111111111111 False
 204  3 3 3 5 6   0 0 3 0 1 1    0110100111111111100110111111111111111111011111111111111111111 False
 205  3 3 3 6 6   0 0 3 0 0 2    0110110111111111110111111111111111111111111111111111111111111 False
 206  3 3 4 4 4   0 0 2 3 0 0    0110011111111111011111111111111111111111111111111111111111111 False
 207  3 3 4 4 5   0 0 2 2 1 0    0110001111111111001011111111111111111101111111111111111111111 False
 208  3 3 4 4 6   0 0 2 2 0 1    0110010111111111010101111111111111111110111111111111111111111 False
 209  3 3 4 5 5   0 0 2 1 2 0    0110001111111111001011111111111111111101111111111111111111111 False
 210  3 3 4 5 6   0 0 2 1 1 1    0110000111111111000000111111111111111100001111111111101111110 True
 211  3 3 4 6 6   0 0 2 1 0 2    0110010111111111010101111111111111111110111111111111111111111 False
 212  3 3 5 5 5   0 0 2 0 3 0    0110101111111111101111111111111111111111111111111111111111111 False
 213  3 3 5 5 6   0 0 2 0 2 1    0110100111111111100110111111111111111111011111111111111111111 False
 214  3 3 5 6 6   0 0 2 0 1 2    0110100111111111100110111111111111111111011111111111111111111 False
 215  3 3 6 6 6   0 0 2 0 0 3    0110110111111111110111111111111111111111111111111111111111111 False
 216  3 4 4 4 4   0 0 1 4 0 0    0110011111111111011111111111111111111111111111111111111111111 False
 217  3 4 4 4 5   0 0 1 3 1 0    0110001111111111001011111111111111111101111111111111111111111 False
 218  3 4 4 4 6   0 0 1 3 0 1    0110010111111111010101111111111111111110111111111111111111111 False
 219  3 4 4 5 5   0 0 1 2 2 0    0110001111111111001011111111111111111101111111111111111111111 False
 220  3 4 4 5 6   0 0 1 2 1 1    0110000111111111000000111111111111111100001111111111101111110 True
 221  3 4 4 6 6   0 0 1 2 0 2    0110010111111111010101111111111111111110111111111111111111111 False
 222  3 4 5 5 5   0 0 1 1 3 0    0110001111111111001011111111111111111101111111111111111111111 False
 223  3 4 5 5 6   0 0 1 1 2 1    0110000111111111000000111111111111111100001111111111101111110 True
 224  3 4 5 6 6   0 0 1 1 1 2    0110000111111111000000111111111111111100001111111111101111110 True
 225  3 4 6 6 6   0 0 1 1 0 3    0110010111111111010101111111111111111110111111111111111111111 False
 226  3 5 5 5 5   0 0 1 0 4 0    0110101111111111101111111111111111111111111111111111111111111 False
 227  3 5 5 5 6   0 0 1 0 3 1    0110100111111111100110111111111111111111011111111111111111111 False
 228  3 5 5 6 6   0 0 1 0 2 2    0110100111111111100110111111111111111111011111111111111111111 False
 229  3 5 6 6 6   0 0 1 0 1 3    0110100111111111100110111111111111111111011111111111111111111 False
 230  3 6 6 6 6   0 0 1 0 0 4    0110110111111111110111111111111111111111111111111111111111111 False
 231  4 4 4 4 4   0 0 0 5 0 0    0111011111111111111111111111111111111111111111111111111111111 False
 232  4 4 4 4 5   0 0 0 4 1 0    0111001111111111111011111111111111111111111111111111111111111 False
 233  4 4 4 4 6   0 0 0 4 0 1    0111010111111111111101111111111111111111111111111111111111111 False
 234  4 4 4 5 5   0 0 0 3 2 0    0111001111111111111011111111111111111111111111111111111111111 False
 235  4 4 4 5 6   0 0 0 3 1 1    0111000111111111111000111111111111111111101111111111111111111 False
 236  4 4 4 6 6   0 0 0 3 0 2    0111010111111111111101111111111111111111111111111111111111111 False
 237  4 4 5 5 5   0 0 0 2 3 0    0111001111111111111011111111111111111111111111111111111111111 False
 238  4 4 5 5 6   0 0 0 2 2 1    0111000111111111111000111111111111111111101111111111111111111 False
 239  4 4 5 6 6   0 0 0 2 1 2    0111000111111111111000111111111111111111101111111111111111111 False
 240  4 4 6 6 6   0 0 0 2 0 3    0111010111111111111101111111111111111111111111111111111111111 False
 241  4 5 5 5 5   0 0 0 1 4 0    0111001111111111111011111111111111111111111111111111111111111 False
 242  4 5 5 5 6   0 0 0 1 3 1    0111000111111111111000111111111111111111101111111111111111111 False
 243  4 5 5 6 6   0 0 0 1 2 2    0111000111111111111000111111111111111111101111111111111111111 False
 244  4 5 6 6 6   0 0 0 1 1 3    0111000111111111111000111111111111111111101111111111111111111 False
 245  4 6 6 6 6   0 0 0 1 0 4    0111010111111111111101111111111111111111111111111111111111111 False
 246  5 5 5 5 5   0 0 0 0 5 0    0111101111111111111111111111111111111111111111111111111111111 False
 247  5 5 5 5 6   0 0 0 0 4 1    0111100111111111111110111111111111111111111111111111111111111 False
 248  5 5 5 6 6   0 0 0 0 3 2    0111100111111111111110111111111111111111111111111111111111111 False
 249  5 5 6 6 6   0 0 0 0 2 3    0111100111111111111110111111111111111111111111111111111111111 False
 250  5 6 6 6 6   0 0 0 0 1 4    0111100111111111111110111111111111111111111111111111111111111 False
 251  6 6 6 6 6   0 0 0 0 0 5    0111110111111111111111111111111111111111111111111111111111111 False
