50000	1	67.07	0.02	0.03	0.19	0.72	0.22	0.0
100000	1	71.49	0.03	0.06	0.25	0.79	0.24	0.0
150000	1	66.8	0.02	0.07	0.2	0.7	0.17	0.01
200000	1	66.08	0.05	0.09	0.18	0.66	0.18	0.0
250000	1	69.2	0.02	0.09	0.22	0.69	0.17	0.0
300000	1	67.8	0.03	0.05	0.19	0.74	0.16	0.0
350000	1	65.19	0.01	0.09	0.18	0.7	0.16	0.0
400000	1	69.9	0.03	0.06	0.17	0.76	0.21	0.01
450000	1	68.3	0.01	0.08	0.21	0.65	0.22	0.02
500000	1	69.23	0.0	0.05	0.25	0.73	0.19	0.0
550000	1	65.96	0.01	0.07	0.21	0.7	0.11	0.0
600000	1	66.39	0.03	0.09	0.19	0.67	0.17	0.0
650000	1	67.18	0.03	0.06	0.19	0.76	0.07	0.01
700000	1	66.23	0.0	0.1	0.27	0.66	0.13	0.0
750000	1	67.64	0.04	0.07	0.19	0.64	0.25	0.02
800000	1	66.44	0.0	0.09	0.2	0.71	0.2	0.0
850000	1	66.89	0.02	0.06	0.18	0.72	0.23	0.01
900000	1	66.3	0.0	0.09	0.16	0.69	0.24	0.0
950000	1	68.79	0.02	0.03	0.23	0.75	0.27	0.0
1000000	1	66.88	0.02	0.07	0.17	0.71	0.21	0.0
1050000	1	66.44	0.02	0.05	0.23	0.69	0.15	0.01
1100000	1	70.63	0.03	0.07	0.25	0.72	0.22	0.0
1150000	1	66.29	0.03	0.03	0.25	0.67	0.18	0.0
1200000	1	67.88	0.02	0.1	0.22	0.73	0.18	0.01
1250000	1	69.26	0.0	0.09	0.21	0.68	0.25	0.01
1300000	1	69.66	0.01	0.11	0.21	0.79	0.2	0.0
1350000	1	68.69	0.0	0.08	0.19	0.71	0.22	0.02
1400000	1	69.28	0.05	0.06	0.22	0.71	0.2	0.0
1450000	1	71.0	0.0	0.06	0.24	0.79	0.21	0.01
1500000	1	66.28	0.01	0.06	0.15	0.74	0.14	0.01
1550000	1	68.4	0.02	0.1	0.22	0.77	0.17	0.01
1600000	1	68.9	0.01	0.05	0.22	0.68	0.25	0.02
1650000	1	66.28	0.01	0.08	0.21	0.7	0.17	0.01
1700000	1	70.39	0.02	0.09	0.25	0.71	0.25	0.0
1750000	1	66.92	0.03	0.06	0.18	0.73	0.2	0.01
1800000	1	69.55	0.03	0.07	0.24	0.75	0.19	0.02
1850000	1	70.06	0.03	0.08	0.21	0.76	0.2	0.01
1900000	1	68.23	0.02	0.08	0.24	0.72	0.17	0.0
1950000	1	66.3	0.02	0.11	0.2	0.68	0.16	0.0
2000000	1	67.79	0.02	0.02	0.16	0.73	0.2	0.02
2050000	1	63.71	0.02	0.08	0.15	0.68	0.17	0.0
2100000	1	66.83	0.02	0.11	0.21	0.68	0.17	0.0
2150000	1	69.26	0.01	0.06	0.22	0.75	0.15	0.01
2200000	1	66.34	0.04	0.09	0.19	0.64	0.18	0.0
2250000	1	64.6	0.01	0.03	0.15	0.76	0.15	0.01
2300000	1	70.11	0.03	0.09	0.26	0.73	0.21	0.0
2350000	1	71.21	0.05	0.07	0.27	0.77	0.14	0.02
2400000	1	69.94	0.01	0.07	0.2	0.76	0.21	0.0
2450000	1	69.61	0.03	0.03	0.26	0.73	0.17	0.01
2500000	1	71.41	0.03	0.09	0.2	0.76	0.21	0.01
2550000	1	71.43	0.0	0.1	0.2	0.74	0.2	0.01
2600000	1	67.09	0.01	0.05	0.19	0.69	0.25	0.01
2650000	1	67.41	0.02	0.11	0.22	0.69	0.17	0.01
2700000	1	68.31	0.01	0.09	0.21	0.73	0.22	0.0
2750000	1	66.64	0.04	0.07	0.18	0.73	0.18	0.01
2800000	1	67.99	0.02	0.09	0.19	0.79	0.18	0.0
2850000	1	69.86	0.02	0.1	0.21	0.77	0.22	0.0
2900000	1	71.36	0.04	0.09	0.28	0.74	0.13	0.0
2950000	1	67.97	0.03	0.04	0.3	0.66	0.21	0.01
3000000	1	66.89	0.05	0.07	0.13	0.7	0.19	0.01
3050000	1	67.04	0.01	0.04	0.32	0.67	0.15	0.01
3100000	1	70.4	0.01	0.08	0.2	0.8	0.23	0.0
3150000	1	68.64	0.04	0.08	0.2	0.79	0.16	0.0
3200000	1	65.41	0.03	0.07	0.16	0.7	0.17	0.0
3250000	1	68.96	0.02	0.08	0.29	0.7	0.19	0.03
3300000	1	67.82	0.01	0.08	0.21	0.76	0.15	0.01
3350000	1	64.83	0.01	0.08	0.24	0.64	0.12	0.01
3400000	1	67.61	0.01	0.08	0.24	0.76	0.16	0.01
3450000	1	65.69	0.01	0.03	0.2	0.71	0.13	0.0
3500000	1	67.41	0.01	0.1	0.18	0.74	0.19	0.01
3550000	1	71.04	0.01	0.06	0.22	0.8	0.24	0.0
3600000	1	70.11	0.01	0.06	0.2	0.74	0.28	0.0
3650000	1	67.74	0.03	0.08	0.21	0.71	0.17	0.0
3700000	1	70.87	0.03	0.08	0.2	0.81	0.23	0.0
3750000	1	65.8	0.03	0.07	0.17	0.72	0.14	0.01
3800000	1	66.72	0.01	0.1	0.21	0.72	0.13	0.02
3850000	1	69.01	0.0	0.09	0.24	0.78	0.17	0.01
3900000	1	69.09	0.03	0.09	0.19	0.72	0.17	0.02
3950000	1	70.53	0.03	0.1	0.26	0.72	0.19	0.0
4000000	1	66.96	0.03	0.04	0.19	0.72	0.19	0.0
4050000	1	69.36	0.02	0.12	0.16	0.73	0.23	0.01
4100000	1	71.17	0.02	0.08	0.31	0.68	0.28	0.0
4150000	1	71.8	0.01	0.11	0.22	0.79	0.2	0.0
4200000	1	65.83	0.03	0.04	0.18	0.71	0.17	0.0
4250000	1	68.67	0.02	0.1	0.24	0.74	0.2	0.0
4300000	1	67.98	0.02	0.06	0.15	0.73	0.24	0.01
4350000	1	66.74	0.01	0.03	0.24	0.72	0.18	0.0
4400000	1	66.75	0.02	0.05	0.28	0.71	0.19	0.0
4450000	1	68.64	0.04	0.07	0.23	0.75	0.18	0.0
4500000	1	68.11	0.03	0.05	0.23	0.7	0.17	0.01
4550000	1	69.2	0.02	0.09	0.2	0.73	0.21	0.0
4600000	1	67.02	0.02	0.12	0.16	0.73	0.14	0.0
4650000	1	65.52	0.02	0.04	0.19	0.71	0.17	0.01
4700000	1	67.88	0.01	0.09	0.23	0.77	0.12	0.0
4750000	1	69.98	0.03	0.09	0.21	0.8	0.19	0.0
4800000	1	71.19	0.04	0.11	0.21	0.7	0.16	0.02
4850000	1	68.68	0.0	0.1	0.27	0.69	0.19	0.02
4900000	1	71.35	0.06	0.14	0.2	0.75	0.19	0.0
4950000	1	69.03	0.06	0.11	0.24	0.63	0.19	0.0
5000000	1	66.89	0.04	0.06	0.25	0.74	0.12	0.0
5050000	1	66.42	0.0	0.04	0.2	0.65	0.27	0.02
5100000	1	68.29	0.01	0.09	0.22	0.75	0.19	0.0
5150000	1	68.95	0.04	0.1	0.22	0.69	0.16	0.0
5200000	1	66.41	0.0	0.06	0.21	0.68	0.18	0.0
5250000	1	71.71	0.06	0.08	0.22	0.77	0.18	0.0
5300000	1	66.56	0.01	0.06	0.25	0.67	0.15	0.01
5350000	1	67.39	0.03	0.04	0.19	0.71	0.15	0.0
5400000	1	67.99	0.02	0.06	0.24	0.7	0.2	0.0
5450000	1	70.65	0.02	0.09	0.24	0.71	0.18	0.0
5500000	1	67.07	0.01	0.04	0.19	0.78	0.18	0.0
5550000	1	69.73	0.0	0.09	0.25	0.7	0.21	0.0
5600000	1	67.31	0.02	0.03	0.24	0.75	0.14	0.02
5650000	1	69.1	0.02	0.05	0.23	0.75	0.18	0.0
5700000	1	64.74	0.01	0.02	0.16	0.76	0.15	0.0
5750000	1	66.95	0.02	0.08	0.22	0.68	0.13	0.0
5800000	1	68.57	0.03	0.06	0.25	0.71	0.21	0.0
5850000	1	68.37	0.0	0.1	0.23	0.65	0.21	0.01
5900000	1	68.11	0.04	0.07	0.26	0.7	0.17	0.0
5950000	1	70.34	0.03	0.12	0.23	0.74	0.21	0.0
6000000	1	65.32	0.03	0.08	0.21	0.71	0.11	0.0
6050000	1	65.51	0.0	0.11	0.18	0.69	0.11	0.0
6100000	1	62.97	0.02	0.09	0.09	0.57	0.22	0.01
6150000	1	68.08	0.0	0.09	0.18	0.69	0.19	0.0
6200000	1	63.31	0.01	0.05	0.14	0.75	0.13	0.0
6250000	1	70.03	0.03	0.05	0.22	0.71	0.23	0.0
6300000	1	68.93	0.04	0.05	0.27	0.71	0.19	0.0
6350000	1	63.24	0.0	0.08	0.19	0.65	0.2	0.01
6400000	1	69.52	0.0	0.06	0.2	0.71	0.24	0.03
6450000	1	69.52	0.01	0.12	0.26	0.69	0.25	0.0
6500000	1	65.09	0.03	0.08	0.18	0.7	0.15	0.0
6550000	1	67.34	0.04	0.03	0.22	0.67	0.22	0.0
6600000	1	68.35	0.02	0.09	0.18	0.79	0.2	0.01
6650000	1	68.84	0.01	0.12	0.23	0.75	0.16	0.01
6700000	1	69.06	0.02	0.08	0.27	0.75	0.18	0.01
6750000	1	68.28	0.0	0.05	0.24	0.75	0.19	0.0
6800000	1	69.87	0.05	0.08	0.31	0.62	0.23	0.0
6850000	1	68.08	0.0	0.09	0.24	0.78	0.18	0.0
6900000	1	70.65	0.01	0.09	0.23	0.76	0.21	0.0
6950000	1	73.48	0.02	0.14	0.25	0.79	0.21	0.01
7000000	1	64.5	0.0	0.09	0.16	0.64	0.2	0.0
7050000	1	66.75	0.02	0.06	0.22	0.78	0.15	0.0
7100000	1	67.15	0.03	0.1	0.2	0.65	0.18	0.0
7150000	1	70.51	0.0	0.08	0.26	0.78	0.31	0.0
7200000	1	71.08	0.03	0.09	0.22	0.74	0.18	0.01
7250000	1	66.26	0.01	0.04	0.16	0.69	0.21	0.01
7300000	1	68.68	0.0	0.08	0.2	0.76	0.2	0.02
7350000	1	67.87	0.0	0.1	0.21	0.68	0.23	0.0
7400000	1	68.52	0.03	0.07	0.24	0.7	0.17	0.02
7450000	1	69.25	0.0	0.11	0.22	0.76	0.2	0.0
7500000	1	67.98	0.01	0.1	0.18	0.68	0.18	0.0
7550000	1	65.95	0.01	0.1	0.22	0.64	0.15	0.01
7600000	1	68.99	0.01	0.08	0.16	0.7	0.25	0.0
7650000	1	70.32	0.01	0.1	0.26	0.65	0.2	0.02
7700000	1	67.31	0.0	0.09	0.16	0.76	0.18	0.0
7750000	1	64.59	0.03	0.02	0.16	0.73	0.16	0.0
7800000	1	70.32	0.03	0.03	0.24	0.75	0.25	0.0
7850000	1	69.02	0.02	0.06	0.21	0.72	0.23	0.0
7900000	1	67.13	0.01	0.12	0.14	0.73	0.19	0.01
7950000	1	70.94	0.02	0.07	0.28	0.75	0.24	0.0
8000000	1	66.39	0.0	0.07	0.23	0.66	0.16	0.01
8050000	1	71.7	0.02	0.08	0.26	0.72	0.23	0.0
8100000	1	67.35	0.04	0.05	0.16	0.64	0.22	0.0
8150000	1	69.06	0.02	0.08	0.19	0.74	0.19	0.0
8200000	1	65.34	0.03	0.05	0.2	0.75	0.1	0.01
8250000	1	69.26	0.02	0.11	0.2	0.71	0.18	0.01
8300000	1	70.7	0.01	0.09	0.22	0.8	0.18	0.0
8350000	1	67.13	0.01	0.08	0.24	0.7	0.15	0.0
8400000	1	67.13	0.02	0.06	0.22	0.69	0.16	0.01
8450000	1	67.37	0.01	0.02	0.2	0.72	0.19	0.0
8500000	1	67.03	0.0	0.08	0.15	0.76	0.24	0.0
8550000	1	66.4	0.02	0.05	0.18	0.73	0.16	0.02
8600000	1	67.25	0.03	0.05	0.17	0.74	0.22	0.01
8650000	1	67.1	0.02	0.05	0.27	0.66	0.2	0.02
8700000	1	66.97	0.03	0.04	0.2	0.74	0.16	0.01
8750000	1	67.3	0.01	0.06	0.12	0.74	0.21	0.02
8800000	1	67.65	0.0	0.05	0.22	0.72	0.23	0.01
8850000	1	71.17	0.08	0.06	0.23	0.71	0.24	0.0
8900000	1	66.42	0.02	0.04	0.28	0.65	0.16	0.0
8950000	1	69.84	0.01	0.13	0.23	0.78	0.15	0.02
9000000	1	68.85	0.03	0.06	0.27	0.67	0.17	0.0
9050000	1	70.44	0.02	0.06	0.24	0.69	0.22	0.01
9100000	1	70.81	0.03	0.05	0.28	0.77	0.17	0.01
9150000	1	64.42	0.02	0.07	0.18	0.66	0.13	0.01
9200000	1	69.98	0.04	0.07	0.24	0.68	0.2	0.0
9250000	1	70.46	0.04	0.1	0.23	0.74	0.17	0.0
9300000	1	67.1	0.04	0.05	0.21	0.66	0.18	0.0
9350000	1	66.07	0.03	0.08	0.19	0.67	0.16	0.0
9400000	1	69.13	0.03	0.07	0.22	0.73	0.15	0.01
9450000	1	70.02	0.03	0.09	0.26	0.7	0.23	0.0
9500000	1	70.69	0.01	0.03	0.27	0.73	0.25	0.0
9550000	1	70.37	0.01	0.1	0.21	0.69	0.22	0.0
9600000	1	64.98	0.01	0.05	0.17	0.69	0.17	0.02
9650000	1	69.45	0.03	0.12	0.19	0.8	0.17	0.0
9700000	1	69.8	0.0	0.04	0.22	0.87	0.2	0.0
9750000	1	72.36	0.02	0.08	0.21	0.81	0.21	0.0
9800000	1	68.6	0.04	0.09	0.22	0.7	0.16	0.01
9850000	1	69.19	0.01	0.09	0.16	0.81	0.19	0.01
9900000	1	70.43	0.03	0.1	0.24	0.71	0.18	0.0
9950000	1	66.92	0.01	0.08	0.2	0.7	0.16	0.0
10000000	1	69.52	0.01	0.07	0.19	0.8	0.25	0.0
10050000	1	66.25	0.01	0.06	0.14	0.79	0.18	0.0
10100000	1	63.99	0.0	0.08	0.24	0.68	0.15	0.0
10150000	1	65.46	0.03	0.05	0.1	0.73	0.21	0.01
10200000	1	64.22	0.01	0.07	0.16	0.69	0.17	0.03
10250000	1	67.55	0.01	0.04	0.26	0.71	0.19	0.0
10300000	1	68.02	0.04	0.05	0.18	0.78	0.13	0.01
10350000	1	68.59	0.02	0.02	0.22	0.76	0.21	0.0
10400000	1	68.21	0.01	0.05	0.19	0.82	0.18	0.0
10450000	1	66.6	0.01	0.06	0.2	0.66	0.25	0.0
10500000	1	65.58	0.03	0.02	0.14	0.69	0.22	0.01
10550000	1	69.6	0.02	0.04	0.26	0.76	0.2	0.0
10600000	1	65.38	0.02	0.08	0.19	0.65	0.16	0.01
10650000	1	69.82	0.04	0.09	0.29	0.75	0.15	0.02
10700000	1	65.45	0.02	0.06	0.21	0.68	0.14	0.0
10750000	1	66.01	0.02	0.04	0.22	0.78	0.17	0.0
10800000	1	65.57	0.02	0.09	0.25	0.66	0.1	0.0
10850000	1	69.65	0.01	0.09	0.3	0.69	0.15	0.0
10900000	1	68.28	0.01	0.11	0.25	0.66	0.19	0.0
10950000	1	67.01	0.02	0.08	0.21	0.75	0.15	0.01
11000000	1	66.12	0.03	0.03	0.16	0.72	0.2	0.0
11050000	1	63.86	0.01	0.08	0.15	0.66	0.13	0.02
11100000	1	69.4	0.01	0.06	0.25	0.7	0.2	0.0
11150000	1	66.04	0.0	0.03	0.13	0.68	0.23	0.01
11200000	1	71.24	0.02	0.09	0.19	0.79	0.22	0.0
11250000	1	66.64	0.02	0.05	0.2	0.68	0.17	0.01
11300000	1	75.77	0.03	0.12	0.27	0.78	0.23	0.01
11350000	1	70.03	0.02	0.06	0.29	0.72	0.18	0.0
11400000	1	67.68	0.05	0.09	0.23	0.67	0.17	0.0
11450000	1	65.56	0.0	0.04	0.21	0.72	0.15	0.01
11500000	1	72.1	0.03	0.06	0.32	0.67	0.19	0.0
11550000	1	71.85	0.02	0.09	0.22	0.72	0.28	0.01
11600000	1	63.42	0.01	0.08	0.18	0.64	0.17	0.0
11650000	1	68.46	0.02	0.06	0.2	0.76	0.2	0.01
11700000	1	69.41	0.02	0.08	0.21	0.72	0.26	0.0
11750000	1	74.09	0.02	0.09	0.31	0.78	0.14	0.0
11800000	1	70.08	0.03	0.1	0.26	0.67	0.21	0.0
11850000	1	66.3	0.01	0.1	0.18	0.67	0.16	0.0
11900000	1	65.44	0.03	0.04	0.18	0.68	0.15	0.0
11950000	1	68.25	0.03	0.1	0.12	0.76	0.23	0.01
12000000	1	67.82	0.04	0.06	0.16	0.73	0.24	0.01
12050000	1	70.1	0.03	0.06	0.29	0.7	0.23	0.02
12100000	1	68.24	0.0	0.04	0.23	0.73	0.22	0.0
12150000	1	68.31	0.03	0.07	0.21	0.76	0.21	0.02
12200000	1	64.93	0.01	0.07	0.21	0.61	0.2	0.0
12250000	1	69.18	0.0	0.06	0.23	0.77	0.17	0.01
12300000	1	70.12	0.02	0.07	0.22	0.72	0.25	0.0
12350000	1	68.67	0.0	0.1	0.24	0.71	0.18	0.0
12400000	1	65.62	0.03	0.04	0.19	0.75	0.15	0.0
12450000	1	66.38	0.01	0.05	0.21	0.74	0.11	0.0
12500000	1	68.17	0.01	0.09	0.23	0.73	0.19	0.03
12550000	1	72.54	0.02	0.08	0.29	0.75	0.24	0.0
12600000	1	68.48	0.01	0.1	0.12	0.78	0.22	0.01
12650000	1	67.3	0.04	0.06	0.14	0.74	0.21	0.0
12700000	1	69.73	0.01	0.03	0.23	0.78	0.26	0.01
12750000	1	67.89	0.02	0.06	0.21	0.75	0.16	0.0
12800000	1	67.09	0.02	0.05	0.21	0.69	0.2	0.0
12850000	1	71.92	0.02	0.13	0.21	0.8	0.21	0.0
12900000	1	68.23	0.0	0.07	0.22	0.72	0.19	0.0
12950000	1	65.69	0.03	0.06	0.19	0.69	0.16	0.02
13000000	1	66.29	0.04	0.04	0.14	0.69	0.16	0.01
13050000	1	66.69	0.03	0.05	0.18	0.67	0.2	0.0
13100000	1	65.66	0.01	0.07	0.24	0.69	0.16	0.0
13150000	1	70.3	0.01	0.15	0.15	0.68	0.24	0.02
13200000	1	67.19	0.03	0.07	0.2	0.75	0.13	0.0
13250000	1	72.2	0.0	0.08	0.21	0.76	0.28	0.02
13300000	1	69.46	0.03	0.07	0.17	0.76	0.16	0.0
13350000	1	67.54	0.02	0.04	0.16	0.7	0.21	0.0
13400000	1	69.65	0.02	0.08	0.23	0.74	0.15	0.0
13450000	1	70.1	0.03	0.1	0.2	0.71	0.21	0.0
13500000	1	67.29	0.0	0.09	0.16	0.67	0.19	0.02
13550000	1	67.41	0.01	0.06	0.21	0.76	0.16	0.01
13600000	1	70.53	0.03	0.07	0.23	0.75	0.18	0.01
13650000	1	69.77	0.02	0.11	0.21	0.74	0.2	0.0
13700000	1	70.34	0.01	0.08	0.27	0.69	0.2	0.01
13750000	1	68.95	0.02	0.07	0.18	0.72	0.25	0.0
13800000	1	69.81	0.02	0.11	0.24	0.71	0.2	0.0
13850000	1	71.26	0.0	0.07	0.19	0.84	0.22	0.01
13900000	1	73.09	0.05	0.1	0.19	0.74	0.24	0.0
13950000	1	69.73	0.03	0.07	0.16	0.78	0.22	0.0
14000000	1	72.98	0.02	0.03	0.23	0.86	0.24	0.0
14050000	1	66.65	0.01	0.08	0.16	0.71	0.21	0.0
14100000	1	70.18	0.04	0.06	0.24	0.72	0.25	0.01
14150000	1	67.69	0.0	0.04	0.21	0.76	0.19	0.0
14200000	1	67.99	0.02	0.05	0.2	0.71	0.23	0.01
14250000	1	68.38	0.02	0.08	0.19	0.79	0.23	0.0
14300000	1	66.59	0.0	0.08	0.25	0.71	0.11	0.0
14350000	1	66.47	0.01	0.04	0.13	0.77	0.24	0.0
14400000	1	66.18	0.03	0.07	0.1	0.71	0.19	0.0
14450000	1	65.39	0.03	0.04	0.26	0.69	0.16	0.02
14500000	1	67.7	0.0	0.09	0.21	0.68	0.24	0.01
14550000	1	67.31	0.01	0.08	0.2	0.69	0.21	0.0
14600000	1	70.33	0.01	0.07	0.26	0.72	0.25	0.01
14650000	1	68.17	0.01	0.09	0.18	0.76	0.19	0.0
14700000	1	63.99	0.03	0.09	0.19	0.67	0.14	0.0
14750000	1	69.06	0.02	0.09	0.21	0.77	0.17	0.02
14800000	1	68.38	0.02	0.07	0.23	0.66	0.19	0.0
14850000	1	68.86	0.0	0.08	0.24	0.74	0.21	0.0
14900000	1	67.17	0.0	0.02	0.18	0.78	0.18	0.0
14950000	1	67.12	0.01	0.05	0.27	0.66	0.17	0.0
15000000	1	68.68	0.03	0.11	0.19	0.71	0.23	0.0
15050000	1	68.98	0.01	0.1	0.18	0.7	0.21	0.01
15100000	1	69.12	0.02	0.07	0.21	0.78	0.17	0.0
15150000	1	67.34	0.03	0.07	0.26	0.67	0.13	0.0
15200000	1	68.9	0.01	0.07	0.26	0.69	0.19	0.0
15250000	1	69.21	0.03	0.08	0.21	0.76	0.18	0.01
15300000	1	69.74	0.01	0.07	0.21	0.76	0.18	0.02
15350000	1	69.52	0.03	0.09	0.21	0.73	0.19	0.01
15400000	1	68.66	0.02	0.08	0.23	0.75	0.21	0.0
15450000	1	70.92	0.04	0.07	0.24	0.78	0.18	0.01
15500000	1	69.67	0.01	0.05	0.24	0.76	0.14	0.03
15550000	1	70.23	0.05	0.08	0.21	0.68	0.22	0.0
15600000	1	69.07	0.03	0.11	0.23	0.65	0.22	0.01
15650000	1	69.97	0.01	0.07	0.23	0.79	0.22	0.02
15700000	1	66.8	0.03	0.09	0.19	0.69	0.13	0.0
15750000	1	68.71	0.01	0.06	0.23	0.67	0.26	0.0
15800000	1	69.25	0.04	0.05	0.22	0.8	0.2	0.0
15850000	1	68.29	0.01	0.07	0.24	0.71	0.2	0.01
15900000	1	64.07	0.0	0.04	0.18	0.59	0.2	0.0
15950000	1	63.73	0.02	0.04	0.15	0.76	0.12	0.0
16000000	1	64.75	0.01	0.11	0.21	0.63	0.13	0.0
16050000	1	65.94	0.01	0.02	0.24	0.74	0.14	0.01
16100000	1	75.55	0.03	0.11	0.25	0.79	0.23	0.0
16150000	1	69.5	0.01	0.07	0.23	0.77	0.19	0.0
16200000	1	67.42	0.05	0.09	0.19	0.72	0.14	0.01
16250000	1	71.2	0.0	0.09	0.2	0.7	0.24	0.0
16300000	1	68.71	0.02	0.04	0.29	0.74	0.2	0.02
16350000	1	67.37	0.02	0.04	0.22	0.77	0.14	0.01
16400000	1	64.61	0.01	0.05	0.15	0.71	0.14	0.0
16450000	1	66.46	0.06	0.04	0.18	0.7	0.23	0.01
16500000	1	69.33	0.06	0.04	0.23	0.75	0.21	0.01
16550000	1	64.32	0.0	0.06	0.17	0.66	0.25	0.0
16600000	1	71.54	0.02	0.09	0.31	0.75	0.21	0.01
16650000	1	70.43	0.02	0.14	0.2	0.72	0.18	0.0
16700000	1	69.47	0.01	0.1	0.18	0.77	0.22	0.0
16750000	1	69.62	0.04	0.08	0.28	0.64	0.18	0.0
16800000	1	71.12	0.03	0.07	0.27	0.77	0.2	0.0
16850000	1	66.83	0.02	0.1	0.19	0.68	0.14	0.0
16900000	1	66.82	0.04	0.06	0.19	0.69	0.2	0.0
16950000	1	67.12	0.02	0.07	0.23	0.71	0.16	0.0
17000000	1	66.52	0.03	0.01	0.22	0.68	0.16	0.01
17050000	1	68.16	0.01	0.07	0.18	0.7	0.22	0.01
17100000	1	66.23	0.03	0.03	0.18	0.71	0.16	0.0
17150000	1	73.71	0.01	0.08	0.28	0.8	0.26	0.0
17200000	1	70.59	0.01	0.09	0.29	0.75	0.19	0.0
17250000	1	70.49	0.01	0.08	0.25	0.77	0.19	0.0
17300000	1	63.59	0.0	0.05	0.2	0.68	0.12	0.01
17350000	1	68.7	0.01	0.05	0.2	0.8	0.21	0.01
17400000	1	67.68	0.03	0.07	0.23	0.67	0.22	0.0
17450000	1	73.16	0.02	0.09	0.22	0.74	0.28	0.01
17500000	1	65.94	0.02	0.05	0.1	0.74	0.27	0.01
17550000	1	66.41	0.04	0.06	0.17	0.74	0.18	0.0
17600000	1	65.88	0.02	0.03	0.19	0.7	0.21	0.0
17650000	1	72.55	0.03	0.06	0.26	0.76	0.26	0.0
17700000	1	67.96	0.02	0.09	0.21	0.66	0.24	0.0
17750000	1	68.33	0.0	0.05	0.2	0.73	0.25	0.02
17800000	1	66.78	0.01	0.04	0.19	0.75	0.14	0.0
17850000	1	68.36	0.03	0.09	0.2	0.7	0.18	0.01
17900000	1	68.81	0.01	0.09	0.23	0.71	0.16	0.01
17950000	1	72.43	0.01	0.07	0.3	0.77	0.18	0.01
18000000	1	67.0	0.02	0.06	0.19	0.73	0.19	0.0
18050000	1	67.17	0.02	0.05	0.18	0.72	0.23	0.0
18100000	1	68.97	0.01	0.07	0.23	0.7	0.25	0.0
18150000	1	68.66	0.01	0.15	0.12	0.74	0.19	0.0
18200000	1	65.6	0.02	0.06	0.13	0.74	0.16	0.0
18250000	1	71.76	0.02	0.06	0.25	0.78	0.24	0.01
18300000	1	67.51	0.03	0.09	0.25	0.72	0.19	0.0
18350000	1	69.43	0.0	0.08	0.21	0.78	0.21	0.0
18400000	1	66.96	0.03	0.02	0.19	0.76	0.26	0.01
18450000	1	68.56	0.02	0.1	0.15	0.63	0.22	0.02
18500000	1	72.67	0.02	0.09	0.21	0.77	0.23	0.0
18550000	1	68.96	0.01	0.11	0.21	0.7	0.25	0.0
18600000	1	68.54	0.0	0.06	0.2	0.78	0.17	0.0
18650000	1	66.56	0.01	0.1	0.23	0.73	0.1	0.0
18700000	1	64.61	0.02	0.07	0.19	0.64	0.2	0.0
18750000	1	66.18	0.02	0.05	0.22	0.68	0.18	0.0
18800000	1	69.24	0.03	0.07	0.2	0.75	0.14	0.01
18850000	1	70.06	0.02	0.08	0.21	0.76	0.23	0.02
18900000	1	64.44	0.01	0.06	0.15	0.67	0.15	0.0
18950000	1	72.68	0.01	0.08	0.25	0.79	0.2	0.01
19000000	1	65.22	0.01	0.09	0.13	0.73	0.17	0.0
19050000	1	66.73	0.03	0.04	0.22	0.67	0.2	0.02
19100000	1	72.54	0.02	0.12	0.27	0.75	0.18	0.0
19150000	1	65.95	0.02	0.07	0.22	0.66	0.2	0.02
19200000	1	70.75	0.0	0.11	0.21	0.8	0.21	0.01
19250000	1	63.82	0.03	0.09	0.18	0.64	0.16	0.0
19300000	1	66.82	0.02	0.08	0.19	0.71	0.17	0.0
19350000	1	68.06	0.02	0.14	0.18	0.72	0.17	0.0
19400000	1	65.31	0.01	0.07	0.18	0.7	0.15	0.0
19450000	1	69.32	0.02	0.08	0.2	0.79	0.2	0.0
19500000	1	68.61	0.03	0.09	0.22	0.68	0.14	0.01
19550000	1	67.96	0.03	0.06	0.23	0.71	0.15	0.01
19600000	1	70.05	0.01	0.08	0.27	0.69	0.21	0.01
19650000	1	69.12	0.01	0.05	0.21	0.74	0.26	0.0
19700000	1	69.0	0.01	0.09	0.28	0.66	0.18	0.0
19750000	1	67.84	0.03	0.11	0.19	0.72	0.14	0.01
19800000	1	69.19	0.02	0.06	0.26	0.75	0.28	0.0
19850000	1	69.78	0.02	0.13	0.2	0.68	0.24	0.01
19900000	1	66.56	0.01	0.05	0.2	0.75	0.18	0.01
19950000	1	65.39	0.01	0.05	0.23	0.66	0.14	0.02
20000000	1	66.86	0.01	0.05	0.21	0.66	0.22	0.01
20050000	1	70.88	0.01	0.15	0.18	0.7	0.26	0.01
20100000	1	70.21	0.04	0.06	0.2	0.75	0.17	0.01
20150000	1	71.11	0.04	0.08	0.25	0.78	0.2	0.01
20200000	1	66.95	0.0	0.09	0.2	0.79	0.1	0.0
20250000	1	70.9	0.01	0.08	0.25	0.77	0.23	0.0
20300000	1	70.13	0.02	0.11	0.22	0.69	0.18	0.01
20350000	1	66.84	0.05	0.08	0.17	0.64	0.23	0.01
20400000	1	66.49	0.01	0.04	0.21	0.66	0.21	0.02
20450000	1	68.45	0.04	0.05	0.24	0.76	0.13	0.0
20500000	1	68.81	0.0	0.09	0.27	0.74	0.18	0.0
20550000	1	64.58	0.01	0.06	0.21	0.62	0.13	0.01
20600000	1	68.04	0.03	0.07	0.2	0.74	0.22	0.01
20650000	1	67.16	0.01	0.08	0.21	0.72	0.16	0.01
20700000	1	68.72	0.03	0.06	0.2	0.72	0.18	0.0
20750000	1	70.09	0.02	0.08	0.22	0.76	0.19	0.01
20800000	1	65.48	0.0	0.06	0.17	0.71	0.19	0.0
20850000	1	71.71	0.03	0.03	0.3	0.76	0.2	0.01
20900000	1	67.6	0.03	0.11	0.19	0.68	0.2	0.01
20950000	1	71.1	0.0	0.14	0.13	0.78	0.25	0.01
21000000	1	67.28	0.01	0.07	0.28	0.67	0.14	0.0
21050000	1	69.1	0.04	0.04	0.13	0.73	0.28	0.02
21100000	1	66.24	0.03	0.05	0.17	0.67	0.17	0.04
21150000	1	67.32	0.02	0.1	0.18	0.74	0.17	0.0
21200000	1	66.04	0.04	0.05	0.17	0.7	0.14	0.0
21250000	1	67.23	0.02	0.05	0.24	0.73	0.2	0.01
21300000	1	70.27	0.01	0.1	0.24	0.74	0.18	0.02
21350000	1	67.8	0.03	0.05	0.25	0.66	0.17	0.03
21400000	1	68.75	0.02	0.06	0.26	0.73	0.18	0.0
21450000	1	65.35	0.02	0.03	0.17	0.68	0.16	0.0
21500000	1	68.73	0.02	0.08	0.2	0.75	0.15	0.01
21550000	1	67.72	0.05	0.05	0.15	0.78	0.16	0.0
21600000	1	67.93	0.03	0.1	0.2	0.72	0.15	0.0
21650000	1	69.36	0.01	0.08	0.2	0.79	0.2	0.0
21700000	1	65.98	0.03	0.06	0.14	0.73	0.17	0.01
21750000	1	69.8	0.04	0.12	0.15	0.7	0.23	0.0
21800000	1	67.47	0.01	0.07	0.24	0.68	0.16	0.02
21850000	1	67.49	0.0	0.1	0.2	0.81	0.15	0.01
21900000	1	67.99	0.02	0.11	0.26	0.75	0.14	0.0
21950000	1	69.93	0.03	0.06	0.22	0.73	0.19	0.0
22000000	1	68.56	0.03	0.07	0.2	0.66	0.24	0.03
22050000	1	64.64	0.0	0.03	0.17	0.73	0.15	0.01
22100000	1	69.87	0.04	0.04	0.26	0.67	0.21	0.04
22150000	1	69.17	0.01	0.06	0.25	0.69	0.22	0.01
22200000	1	73.25	0.04	0.09	0.18	0.81	0.31	0.0
22250000	1	66.84	0.04	0.08	0.19	0.7	0.19	0.01
22300000	1	65.87	0.03	0.08	0.2	0.72	0.16	0.01
22350000	1	66.32	0.01	0.07	0.22	0.67	0.17	0.0
22400000	1	69.37	0.01	0.07	0.22	0.72	0.25	0.0
22450000	1	64.47	0.02	0.09	0.14	0.66	0.1	0.0
22500000	1	69.44	0.02	0.05	0.16	0.73	0.27	0.0
22550000	1	65.41	0.01	0.04	0.24	0.69	0.14	0.0
22600000	1	69.01	0.02	0.08	0.22	0.71	0.17	0.01
22650000	1	66.33	0.03	0.06	0.17	0.68	0.19	0.0
22700000	1	67.67	0.04	0.13	0.22	0.7	0.16	0.0
22750000	1	68.15	0.01	0.09	0.19	0.74	0.15	0.0
22800000	1	70.74	0.02	0.03	0.32	0.7	0.2	0.0
22850000	1	72.27	0.01	0.06	0.29	0.84	0.16	0.0
22900000	1	62.3	0.02	0.05	0.15	0.63	0.13	0.0
22950000	1	66.71	0.01	0.07	0.22	0.7	0.15	0.0
23000000	1	70.35	0.01	0.1	0.28	0.72	0.22	0.02
23050000	1	70.39	0.02	0.11	0.19	0.76	0.17	0.02
23100000	1	62.53	0.01	0.07	0.14	0.57	0.17	0.0
23150000	1	65.4	0.0	0.08	0.24	0.66	0.16	0.0
23200000	1	70.71	0.0	0.07	0.2	0.78	0.21	0.01
23250000	1	66.11	0.01	0.06	0.24	0.66	0.17	0.0
23300000	1	70.43	0.02	0.09	0.26	0.71	0.25	0.01
23350000	1	68.89	0.03	0.09	0.23	0.75	0.14	0.0
23400000	1	65.99	0.01	0.09	0.16	0.73	0.18	0.0
23450000	1	67.68	0.03	0.11	0.17	0.71	0.2	0.0
23500000	1	67.41	0.01	0.08	0.23	0.73	0.17	0.0
23550000	1	69.38	0.0	0.11	0.24	0.73	0.16	0.01
23600000	1	66.79	0.01	0.09	0.19	0.67	0.23	0.0
23650000	1	67.9	0.0	0.1	0.15	0.78	0.18	0.01
23700000	1	71.14	0.03	0.07	0.25	0.69	0.21	0.02
23750000	1	66.99	0.02	0.03	0.21	0.75	0.19	0.0
23800000	1	67.22	0.01	0.04	0.15	0.78	0.18	0.03
23850000	1	65.97	0.02	0.08	0.18	0.75	0.11	0.0
23900000	1	66.9	0.03	0.05	0.18	0.72	0.21	0.0
23950000	1	66.94	0.04	0.05	0.17	0.74	0.15	0.01
24000000	1	68.93	0.02	0.03	0.21	0.78	0.23	0.0
24050000	1	70.86	0.04	0.09	0.22	0.74	0.21	0.0
24100000	1	72.73	0.02	0.11	0.25	0.71	0.2	0.0
24150000	1	68.92	0.0	0.07	0.25	0.67	0.24	0.0
24200000	1	64.63	0.01	0.08	0.25	0.66	0.12	0.0
24250000	1	66.59	0.01	0.12	0.25	0.67	0.18	0.0
24300000	1	67.32	0.03	0.08	0.22	0.63	0.16	0.0
24350000	1	66.92	0.02	0.11	0.14	0.7	0.19	0.0
24400000	1	67.73	0.03	0.08	0.23	0.77	0.2	0.01
24450000	1	67.16	0.0	0.11	0.16	0.7	0.21	0.0
24500000	1	67.73	0.01	0.08	0.25	0.72	0.19	0.0
24550000	1	69.43	0.01	0.06	0.24	0.67	0.24	0.02
24600000	1	65.68	0.04	0.07	0.2	0.65	0.15	0.01
24650000	1	65.2	0.02	0.08	0.16	0.62	0.22	0.01
24700000	1	67.9	0.03	0.12	0.23	0.64	0.2	0.01
24750000	1	69.4	0.02	0.03	0.25	0.74	0.23	0.02
24800000	1	66.59	0.02	0.06	0.21	0.67	0.16	0.0
24850000	1	68.86	0.03	0.1	0.22	0.75	0.12	0.02
24900000	1	71.31	0.01	0.1	0.27	0.7	0.2	0.01
24950000	1	71.31	0.0	0.11	0.23	0.75	0.2	0.0
25000000	0.9999999599999984	67.7	0.01	0.08	0.15	0.76	0.2	0.0
25050000	0.9979999599177843	70.53	0.05	0.05	0.23	0.74	0.21	0.02
25100000	0.9959999598355703	69.09	0.02	0.08	0.16	0.71	0.2	0.01
25150000	0.9939999597533563	65.26	0.01	0.04	0.25	0.65	0.14	0.01
25200000	0.9919999596711423	67.13	0.0	0.09	0.19	0.63	0.21	0.01
25250000	0.9899999595889283	65.87	0.03	0.1	0.17	0.71	0.19	0.0
25300000	0.9879999595067143	75.64	0.03	0.07	0.27	0.81	0.27	0.01
25350000	0.9859999594245002	72.3	0.01	0.03	0.2	0.77	0.23	0.02
25400000	0.9839999593422862	67.82	0.02	0.07	0.18	0.66	0.2	0.01
25450000	0.9819999592600722	67.83	0.01	0.07	0.23	0.73	0.22	0.01
25500000	0.9799999591778582	69.4	0.02	0.05	0.23	0.78	0.18	0.01
25550000	0.9779999590956442	70.96	0.03	0.1	0.23	0.78	0.19	0.0
25600000	0.9759999590134302	72.9	0.05	0.07	0.31	0.7	0.23	0.0
25650000	0.9739999589312162	68.44	0.01	0.11	0.25	0.65	0.2	0.01
25700000	0.9719999588490021	69.69	0.01	0.07	0.26	0.76	0.19	0.0
25750000	0.9699999587667881	66.94	0.02	0.05	0.18	0.73	0.17	0.01
25800000	0.9679999586845741	71.02	0.01	0.11	0.27	0.76	0.24	0.0
25850000	0.9659999586023601	70.71	0.02	0.1	0.27	0.76	0.18	0.0
25900000	0.9639999585201461	71.37	0.02	0.09	0.26	0.7	0.21	0.02
25950000	0.9619999584379321	68.99	0.03	0.08	0.24	0.76	0.15	0.0
26000000	0.959999958355718	68.82	0.04	0.08	0.16	0.72	0.16	0.0
26050000	0.957999958273504	70.48	0.0	0.15	0.24	0.64	0.22	0.0
26100000	0.95599995819129	73.56	0.02	0.05	0.24	0.82	0.21	0.01
26150000	0.953999958109076	70.88	0.0	0.12	0.18	0.79	0.22	0.0
26200000	0.951999958026862	69.7	0.04	0.15	0.2	0.74	0.13	0.0
26250000	0.949999957944648	70.71	0.04	0.06	0.28	0.73	0.15	0.0
26300000	0.947999957862434	68.79	0.02	0.08	0.21	0.69	0.19	0.02
26350000	0.94599995778022	74.12	0.02	0.06	0.17	0.82	0.34	0.01
26400000	0.9439999576980059	71.52	0.05	0.05	0.21	0.78	0.2	0.02
26450000	0.9419999576157919	74.86	0.03	0.08	0.26	0.77	0.2	0.02
26500000	0.9399999575335779	66.79	0.03	0.07	0.17	0.67	0.2	0.0
26550000	0.9379999574513639	73.24	0.01	0.08	0.19	0.77	0.29	0.01
26600000	0.9359999573691499	67.84	0.04	0.06	0.18	0.7	0.17	0.0
26650000	0.9339999572869359	71.56	0.02	0.08	0.16	0.77	0.26	0.02
26700000	0.9319999572047218	75.58	0.01	0.06	0.26	0.82	0.31	0.0
26750000	0.9299999571225078	69.75	0.02	0.09	0.19	0.75	0.24	0.02
26800000	0.9279999570402938	75.03	0.03	0.04	0.21	0.78	0.3	0.0
26850000	0.9259999569580798	71.8	0.01	0.09	0.21	0.79	0.2	0.0
26900000	0.9239999568758658	73.41	0.04	0.08	0.24	0.73	0.23	0.0
26950000	0.9219999567936518	69.6	0.04	0.07	0.18	0.75	0.18	0.0
27000000	0.9199999567114377	75.83	0.03	0.08	0.31	0.78	0.2	0.01
27050000	0.9179999566292237	76.84	0.06	0.1	0.29	0.81	0.25	0.01
27100000	0.9159999565470097	73.23	0.0	0.07	0.23	0.81	0.28	0.01
27150000	0.9139999564647957	74.24	0.05	0.07	0.23	0.73	0.24	0.01
27200000	0.9119999563825817	73.91	0.02	0.1	0.27	0.76	0.21	0.0
27250000	0.9099999563003677	69.85	0.02	0.13	0.2	0.73	0.18	0.0
27300000	0.9079999562181537	74.9	0.01	0.13	0.24	0.74	0.26	0.0
27350000	0.9059999561359396	76.94	0.03	0.08	0.24	0.81	0.25	0.02
27400000	0.9039999560537256	75.16	0.01	0.12	0.27	0.74	0.25	0.01
27450000	0.9019999559715116	71.22	0.02	0.05	0.16	0.8	0.24	0.01
27500000	0.8999999558892976	73.21	0.02	0.12	0.2	0.76	0.22	0.01
27550000	0.8979999558070836	77.21	0.05	0.12	0.25	0.81	0.23	0.0
27600000	0.8959999557248696	70.06	0.05	0.04	0.18	0.76	0.17	0.02
27650000	0.8939999556426556	73.74	0.04	0.06	0.19	0.77	0.27	0.0
27700000	0.8919999555604415	76.4	0.03	0.11	0.26	0.76	0.29	0.0
27750000	0.8899999554782275	74.08	0.01	0.14	0.24	0.72	0.22	0.01
27800000	0.8879999553960135	76.61	0.05	0.09	0.21	0.84	0.27	0.0
27850000	0.8859999553137995	75.85	0.04	0.08	0.32	0.8	0.23	0.01
27900000	0.8839999552315855	72.19	0.02	0.1	0.21	0.72	0.25	0.01
27950000	0.8819999551493715	74.72	0.03	0.08	0.2	0.78	0.27	0.02
28000000	0.8799999550671574	74.56	0.05	0.1	0.26	0.81	0.21	0.0
28050000	0.8779999549849434	72.87	0.02	0.09	0.22	0.81	0.22	0.02
28100000	0.8759999549027294	74.31	0.05	0.08	0.24	0.73	0.26	0.01
28150000	0.8739999548205154	71.7	0.05	0.07	0.27	0.75	0.17	0.0
28200000	0.8719999547383014	79.24	0.04	0.16	0.21	0.84	0.27	0.0
28250000	0.8699999546560874	74.87	0.04	0.06	0.2	0.81	0.27	0.01
28300000	0.8679999545738734	75.18	0.05	0.04	0.19	0.83	0.28	0.01
28350000	0.8659999544916593	76.77	0.05	0.08	0.28	0.79	0.26	0.0
28400000	0.8639999544094453	78.45	0.02	0.12	0.29	0.79	0.33	0.0
28450000	0.8619999543272313	75.07	0.06	0.07	0.22	0.77	0.27	0.01
28500000	0.8599999542450173	74.7	0.06	0.11	0.19	0.82	0.22	0.01
28550000	0.8579999541628033	78.72	0.06	0.12	0.26	0.79	0.27	0.01
28600000	0.8559999540805893	72.62	0.02	0.05	0.17	0.76	0.25	0.0
28650000	0.8539999539983752	77.92	0.05	0.07	0.34	0.81	0.32	0.01
28700000	0.8519999539161612	71.7	0.05	0.05	0.26	0.75	0.2	0.0
28750000	0.8499999538339472	79.41	0.07	0.15	0.3	0.75	0.23	0.01
28800000	0.8479999537517332	72.42	0.03	0.09	0.18	0.78	0.22	0.0
28850000	0.8459999536695192	74.4	0.02	0.05	0.25	0.83	0.22	0.02
28900000	0.8439999535873052	73.25	0.04	0.11	0.2	0.73	0.22	0.0
28950000	0.8419999535050912	78.68	0.01	0.1	0.33	0.79	0.27	0.0
29000000	0.8399999534228771	75.81	0.04	0.13	0.21	0.81	0.23	0.0
29050000	0.8379999533406631	77.44	0.05	0.08	0.35	0.68	0.28	0.0
29100000	0.8359999532584491	76.11	0.05	0.1	0.24	0.81	0.16	0.02
29150000	0.8339999531762351	74.46	0.02	0.1	0.22	0.79	0.26	0.01
29200000	0.8319999530940211	78.88	0.07	0.05	0.3	0.83	0.29	0.01
29250000	0.8299999530118071	79.86	0.07	0.13	0.24	0.81	0.28	0.0
29300000	0.827999952929593	78.06	0.02	0.06	0.27	0.88	0.26	0.02
29350000	0.825999952847379	79.06	0.0	0.12	0.29	0.83	0.25	0.02
29400000	0.823999952765165	77.6	0.03	0.07	0.29	0.79	0.29	0.0
29450000	0.821999952682951	79.83	0.04	0.13	0.24	0.91	0.26	0.0
29500000	0.819999952600737	75.51	0.04	0.11	0.21	0.81	0.25	0.01
29550000	0.817999952518523	76.53	0.07	0.1	0.26	0.74	0.22	0.03
29600000	0.815999952436309	77.74	0.03	0.11	0.26	0.81	0.21	0.04
29650000	0.813999952354095	80.65	0.04	0.13	0.27	0.85	0.3	0.01
29700000	0.8119999522718809	78.32	0.04	0.04	0.31	0.85	0.26	0.0
29750000	0.8099999521896669	73.88	0.04	0.08	0.22	0.82	0.19	0.01
29800000	0.8079999521074529	77.1	0.03	0.08	0.23	0.8	0.29	0.0
29850000	0.8059999520252389	76.64	0.03	0.08	0.27	0.8	0.2	0.0
29900000	0.8039999519430249	79.74	0.02	0.07	0.28	0.8	0.32	0.03
29950000	0.8019999518608109	78.28	0.04	0.07	0.31	0.79	0.28	0.0
30000000	0.7999999517785968	80.82	0.05	0.15	0.3	0.81	0.27	0.01
30050000	0.7979999516963828	80.7	0.03	0.13	0.24	0.8	0.34	0.01
30100000	0.7959999516141688	79.84	0.04	0.05	0.34	0.8	0.3	0.01
30150000	0.7939999515319548	78.6	0.04	0.09	0.24	0.78	0.32	0.0
30200000	0.7919999514497408	80.37	0.06	0.08	0.28	0.83	0.26	0.01
30250000	0.7899999513675268	78.23	0.04	0.06	0.25	0.83	0.26	0.01
30300000	0.7879999512853127	84.08	0.07	0.06	0.34	0.82	0.35	0.0
30350000	0.7859999512030987	80.9	0.04	0.04	0.37	0.82	0.25	0.02
30400000	0.7839999511208847	80.77	0.04	0.11	0.21	0.83	0.37	0.01
30450000	0.7819999510386707	81.26	0.07	0.12	0.25	0.85	0.33	0.03
30500000	0.7799999509564567	80.51	0.08	0.1	0.37	0.76	0.24	0.0
30550000	0.7779999508742427	83.83	0.12	0.11	0.32	0.82	0.32	0.03
30600000	0.7759999507920287	82.04	0.03	0.06	0.35	0.83	0.33	0.02
30650000	0.7739999507098146	83.86	0.03	0.12	0.32	0.82	0.4	0.02
30700000	0.7719999506276006	81.58	0.06	0.1	0.32	0.82	0.26	0.01
30750000	0.7699999505453866	78.29	0.04	0.06	0.25	0.76	0.33	0.02
30800000	0.7679999504631726	82.18	0.04	0.12	0.32	0.8	0.32	0.0
30850000	0.7659999503809586	78.01	0.07	0.06	0.24	0.8	0.33	0.0
30900000	0.7639999502987446	83.09	0.07	0.04	0.28	0.82	0.4	0.0
30950000	0.7619999502165306	81.61	0.09	0.1	0.25	0.88	0.31	0.0
31000000	0.7599999501343165	82.45	0.08	0.09	0.29	0.87	0.3	0.02
31050000	0.7579999500521025	82.2	0.01	0.06	0.28	0.85	0.36	0.02
31100000	0.7559999499698885	86.18	0.05	0.13	0.4	0.86	0.34	0.01
31150000	0.7539999498876745	78.99	0.06	0.08	0.23	0.79	0.31	0.01
31200000	0.7519999498054605	82.39	0.03	0.1	0.31	0.85	0.26	0.03
31250000	0.7499999497232465	82.75	0.09	0.11	0.24	0.83	0.32	0.02
31300000	0.7479999496410324	78.87	0.04	0.1	0.2	0.82	0.28	0.02
31350000	0.7459999495588184	83.12	0.04	0.06	0.37	0.87	0.32	0.0
31400000	0.7439999494766044	87.26	0.05	0.11	0.33	0.9	0.41	0.01
31450000	0.7419999493943904	75.91	0.08	0.1	0.27	0.74	0.26	0.0
31500000	0.7399999493121764	82.59	0.05	0.12	0.25	0.82	0.34	0.01
31550000	0.7379999492299624	83.13	0.07	0.12	0.33	0.84	0.28	0.01
31600000	0.7359999491477484	77.05	0.07	0.08	0.17	0.85	0.29	0.02
31650000	0.7339999490655343	81.68	0.07	0.11	0.29	0.82	0.31	0.0
31700000	0.7319999489833203	80.1	0.09	0.15	0.3	0.79	0.24	0.03
31750000	0.7299999489011063	84.15	0.06	0.14	0.2	0.88	0.38	0.0
31800000	0.7279999488188923	84.53	0.04	0.12	0.33	0.8	0.39	0.01
31850000	0.7259999487366783	85.9	0.07	0.13	0.3	0.89	0.3	0.03
31900000	0.7239999486544643	82.43	0.06	0.07	0.31	0.8	0.4	0.0
31950000	0.7219999485722502	80.85	0.05	0.06	0.3	0.8	0.3	0.0
32000000	0.7199999484900362	87.51	0.08	0.12	0.33	0.86	0.37	0.02
32050000	0.7179999484078222	82.15	0.03	0.06	0.32	0.81	0.3	0.02
32100000	0.7159999483256082	82.9	0.03	0.09	0.31	0.87	0.31	0.01
32150000	0.7139999482433942	86.88	0.08	0.07	0.26	0.86	0.45	0.01
32200000	0.7119999481611802	84.45	0.05	0.1	0.22	0.9	0.38	0.01
32250000	0.7099999480789662	86.87	0.07	0.13	0.28	0.91	0.33	0.0
32300000	0.7079999479967521	83.23	0.05	0.15	0.32	0.81	0.29	0.04
32350000	0.7059999479145381	84.05	0.06	0.12	0.28	0.83	0.32	0.01
32400000	0.7039999478323241	82.89	0.04	0.07	0.29	0.89	0.3	0.0
32450000	0.7019999477501101	83.67	0.05	0.06	0.32	0.81	0.33	0.03
32500000	0.6999999476678961	84.05	0.09	0.09	0.19	0.9	0.37	0.01
32550000	0.6979999475856821	85.59	0.06	0.08	0.4	0.86	0.3	0.0
32600000	0.695999947503468	85.2	0.05	0.12	0.31	0.87	0.34	0.02
32650000	0.693999947421254	82.53	0.08	0.09	0.31	0.86	0.32	0.0
32700000	0.69199994733904	87.28	0.05	0.13	0.31	0.9	0.35	0.03
32750000	0.689999947256826	83.43	0.03	0.15	0.32	0.85	0.29	0.0
32800000	0.687999947174612	86.38	0.11	0.07	0.32	0.88	0.3	0.02
32850000	0.685999947092398	82.95	0.05	0.05	0.27	0.89	0.34	0.01
32900000	0.683999947010184	85.65	0.05	0.12	0.29	0.9	0.36	0.02
32950000	0.68199994692797	86.94	0.06	0.05	0.42	0.88	0.41	0.0
33000000	0.6799999468457559	84.88	0.06	0.14	0.26	0.88	0.37	0.0
33050000	0.6779999467635419	86.71	0.06	0.12	0.25	0.88	0.42	0.01
33100000	0.6759999466813279	84.09	0.08	0.09	0.26	0.83	0.39	0.01
33150000	0.6739999465991139	83.67	0.07	0.18	0.22	0.85	0.31	0.03
33200000	0.6719999465168999	88.36	0.12	0.09	0.34	0.85	0.42	0.01
33250000	0.6699999464346859	87.15	0.06	0.08	0.31	0.93	0.36	0.01
33300000	0.6679999463524718	85.01	0.07	0.05	0.29	0.87	0.36	0.01
33350000	0.6659999462702578	86.86	0.12	0.09	0.29	0.81	0.46	0.02
33400000	0.6639999461880438	87.47	0.1	0.11	0.36	0.87	0.32	0.01
33450000	0.6619999461058298	85.72	0.1	0.11	0.32	0.83	0.34	0.01
33500000	0.6599999460236158	84.36	0.08	0.08	0.27	0.87	0.35	0.0
33550000	0.6579999459414018	88.4	0.04	0.13	0.38	0.86	0.37	0.0
33600000	0.6559999458591877	88.87	0.11	0.1	0.33	0.86	0.33	0.03
33650000	0.6539999457769737	87.28	0.06	0.07	0.3	0.87	0.44	0.04
33700000	0.6519999456947597	91.69	0.08	0.16	0.32	0.86	0.46	0.02
33750000	0.6499999456125457	88.42	0.05	0.11	0.38	0.86	0.32	0.01
33800000	0.6479999455303317	86.07	0.07	0.08	0.33	0.84	0.33	0.01
33850000	0.6459999454481177	86.43	0.05	0.06	0.34	0.87	0.4	0.0
33900000	0.6439999453659037	90.89	0.09	0.16	0.34	0.87	0.41	0.01
33950000	0.6419999452836896	89.09	0.11	0.09	0.27	0.85	0.43	0.04
34000000	0.6399999452014756	89.18	0.05	0.07	0.37	0.94	0.35	0.02
34050000	0.6379999451192616	90.19	0.08	0.11	0.44	0.89	0.33	0.01
34100000	0.6359999450370476	96.44	0.16	0.19	0.38	0.88	0.5	0.01
34150000	0.6339999449548336	91.99	0.1	0.12	0.39	0.87	0.42	0.01
34200000	0.6319999448726196	90.96	0.11	0.06	0.34	0.92	0.47	0.01
34250000	0.6299999447904056	89.89	0.05	0.11	0.4	0.87	0.39	0.02
34300000	0.6279999447081915	88.61	0.07	0.14	0.32	0.86	0.35	0.02
34350000	0.6259999446259775	85.82	0.1	0.09	0.3	0.87	0.33	0.04
34400000	0.6239999445437635	89.62	0.06	0.09	0.33	0.9	0.42	0.04
34450000	0.6219999444615495	89.4	0.1	0.09	0.38	0.9	0.37	0.02
34500000	0.6199999443793355	88.58	0.1	0.13	0.29	0.9	0.35	0.0
34550000	0.6179999442971215	89.94	0.16	0.1	0.31	0.86	0.46	0.0
34600000	0.6159999442149074	92.76	0.1	0.14	0.41	0.86	0.46	0.0
34650000	0.6139999441326934	88.86	0.13	0.08	0.24	0.89	0.45	0.0
34700000	0.6119999440504794	92.52	0.03	0.15	0.4	0.9	0.42	0.05
34750000	0.6099999439682654	91.96	0.08	0.11	0.35	0.89	0.4	0.02
34800000	0.6079999438860514	89.71	0.11	0.11	0.3	0.87	0.4	0.01
34850000	0.6059999438038374	89.01	0.09	0.11	0.29	0.89	0.38	0.02
34900000	0.6039999437216234	94.45	0.07	0.13	0.44	0.83	0.47	0.03
34950000	0.6019999436394093	90.01	0.1	0.04	0.38	0.9	0.43	0.01
35000000	0.5999999435571953	91.11	0.1	0.15	0.32	0.9	0.37	0.02
35050000	0.5979999434749813	89.51	0.08	0.08	0.39	0.86	0.43	0.02
35100000	0.5959999433927673	90.01	0.06	0.1	0.32	0.9	0.41	0.01
35150000	0.5939999433105533	90.6	0.09	0.1	0.38	0.85	0.39	0.03
35200000	0.5919999432283393	95.41	0.12	0.15	0.37	0.92	0.42	0.02
35250000	0.5899999431461252	92.18	0.09	0.13	0.32	0.85	0.49	0.02
35300000	0.5879999430639112	91.91	0.11	0.12	0.39	0.87	0.35	0.02
35350000	0.5859999429816972	92.5	0.11	0.11	0.37	0.95	0.4	0.0
35400000	0.5839999428994832	91.23	0.09	0.1	0.35	0.94	0.38	0.01
35450000	0.5819999428172692	96.35	0.07	0.13	0.4	0.94	0.47	0.02
35500000	0.5799999427350552	90.64	0.09	0.09	0.35	0.9	0.38	0.02
35550000	0.5779999426528412	91.67	0.08	0.12	0.34	0.87	0.42	0.01
35600000	0.5759999425706271	93.48	0.13	0.14	0.41	0.9	0.38	0.0
35650000	0.5739999424884131	92.22	0.13	0.11	0.37	0.9	0.42	0.04
35700000	0.5719999424061991	92.14	0.09	0.12	0.3	0.87	0.46	0.03
35750000	0.5699999423239851	93.84	0.13	0.13	0.35	0.89	0.42	0.01
35800000	0.5679999422417711	93.48	0.08	0.05	0.31	0.92	0.55	0.03
35850000	0.5659999421595571	95.62	0.15	0.12	0.39	0.83	0.5	0.01
35900000	0.563999942077343	88.43	0.11	0.11	0.35	0.89	0.26	0.02
35950000	0.561999941995129	91.69	0.12	0.1	0.41	0.84	0.34	0.04
36000000	0.559999941912915	93.07	0.16	0.14	0.41	0.85	0.39	0.01
36050000	0.557999941830701	99.49	0.09	0.13	0.47	0.97	0.54	0.01
36100000	0.555999941748487	92.88	0.13	0.09	0.31	0.89	0.47	0.02
36150000	0.553999941666273	94.66	0.14	0.12	0.37	0.89	0.44	0.0
36200000	0.551999941584059	97.43	0.08	0.17	0.38	0.86	0.52	0.04
36250000	0.549999941501845	92.7	0.1	0.12	0.36	0.94	0.4	0.02
36300000	0.5479999414196309	90.56	0.12	0.13	0.36	0.92	0.38	0.01
36350000	0.5459999413374169	93.86	0.11	0.05	0.42	0.88	0.44	0.02
36400000	0.5439999412552029	91.89	0.12	0.09	0.35	0.9	0.38	0.01
36450000	0.5419999411729889	95.82	0.11	0.12	0.43	0.93	0.45	0.01
36500000	0.5399999410907749	94.13	0.12	0.11	0.36	0.86	0.43	0.05
36550000	0.5379999410085609	97.51	0.11	0.13	0.44	0.88	0.54	0.01
36600000	0.5359999409263468	94.57	0.15	0.11	0.36	0.93	0.37	0.03
36650000	0.5339999408441328	93.53	0.09	0.04	0.42	0.89	0.49	0.04
36700000	0.5319999407619188	95.95	0.08	0.13	0.48	0.88	0.4	0.03
36750000	0.5299999406797048	95.57	0.11	0.12	0.38	0.92	0.48	0.01
36800000	0.5279999405974908	94.64	0.15	0.12	0.42	0.91	0.42	0.02
36850000	0.5259999405152768	92.54	0.09	0.13	0.37	0.9	0.4	0.01
36900000	0.5239999404330627	91.76	0.13	0.11	0.34	0.9	0.41	0.03
36950000	0.5219999403508487	94.8	0.1	0.14	0.4	0.91	0.41	0.02
37000000	0.5199999402686347	94.03	0.12	0.09	0.46	0.85	0.42	0.01
37050000	0.5179999401864207	99.62	0.13	0.2	0.42	0.91	0.43	0.02
37100000	0.5159999401042067	95.8	0.15	0.17	0.32	0.87	0.46	0.0
37150000	0.5139999400219927	96.2	0.1	0.16	0.36	0.92	0.49	0.01
37200000	0.5119999399397787	101.47	0.12	0.11	0.55	0.94	0.5	0.01
37250000	0.5099999398575646	94.45	0.11	0.06	0.4	0.9	0.48	0.01
37300000	0.5079999397753506	100.15	0.12	0.15	0.42	0.96	0.5	0.02
37350000	0.5059999396931366	99.64	0.21	0.13	0.34	0.95	0.5	0.03
37400000	0.5039999396109226	94.58	0.17	0.1	0.43	0.85	0.42	0.02
37450000	0.5019999395287086	97.64	0.13	0.13	0.4	0.94	0.5	0.02
37500000	0.4999999394464947	93.61	0.14	0.08	0.31	0.91	0.44	0.02
37550000	0.4979999393670562	98.24	0.17	0.17	0.45	0.91	0.39	0.01
37600000	0.49599993928761776	99.39	0.13	0.13	0.44	0.88	0.55	0.01
37650000	0.4939999392081793	90.41	0.1	0.1	0.4	0.93	0.32	0.0
37700000	0.49199993912874085	96.4	0.13	0.14	0.33	0.89	0.48	0.02
37750000	0.4899999390493024	96.46	0.17	0.1	0.46	0.86	0.4	0.03
37800000	0.48799993896986393	97.2	0.08	0.17	0.4	0.93	0.41	0.04
37850000	0.4859999388904255	95.88	0.08	0.15	0.35	0.91	0.5	0.02
37900000	0.483999938810987	97.67	0.11	0.11	0.44	0.91	0.53	0.02
37950000	0.48199993873154856	98.6	0.17	0.1	0.45	0.9	0.49	0.02
38000000	0.4799999386521101	98.73	0.19	0.15	0.44	0.88	0.48	0.03
38050000	0.47799993857267165	91.38	0.09	0.11	0.32	0.93	0.34	0.01
38100000	0.4759999384932332	97.01	0.12	0.1	0.41	0.9	0.47	0.02
38150000	0.47399993841379473	101.07	0.13	0.13	0.44	0.94	0.53	0.01
38200000	0.4719999383343563	96.27	0.16	0.12	0.41	0.93	0.42	0.01
38250000	0.4699999382549178	94.94	0.14	0.07	0.35	0.91	0.48	0.05
38300000	0.46799993817547936	97.22	0.2	0.13	0.4	0.93	0.43	0.01
38350000	0.4659999380960409	99.46	0.13	0.11	0.45	0.91	0.52	0.0
38400000	0.46399993801660244	98.38	0.19	0.14	0.47	0.87	0.44	0.03
38450000	0.461999937937164	100.62	0.17	0.15	0.44	0.94	0.46	0.01
38500000	0.4599999378577255	99.76	0.12	0.1	0.41	0.93	0.5	0.03
38550000	0.45799993777828707	95.02	0.13	0.12	0.43	0.91	0.4	0.02
38600000	0.4559999376988486	99.74	0.16	0.16	0.41	0.95	0.46	0.01
38650000	0.45399993761941015	99.74	0.18	0.13	0.4	0.91	0.52	0.01
38700000	0.4519999375399717	101.65	0.21	0.16	0.41	0.92	0.5	0.04
38750000	0.44999993746053324	100.02	0.15	0.15	0.4	0.88	0.54	0.03
38800000	0.4479999373810948	105.06	0.11	0.16	0.54	0.95	0.6	0.01
38850000	0.4459999373016563	103.13	0.25	0.16	0.43	0.95	0.51	0.03
38900000	0.44399993722221787	96.92	0.21	0.11	0.4	0.91	0.43	0.04
38950000	0.4419999371427794	96.53	0.17	0.11	0.39	0.92	0.44	0.0
39000000	0.43999993706334095	101.95	0.21	0.15	0.47	0.93	0.49	0.03
39050000	0.4379999369839025	102.44	0.18	0.12	0.46	0.92	0.52	0.02
39100000	0.43599993690446404	101.91	0.17	0.17	0.44	0.94	0.53	0.02
39150000	0.4339999368250256	102.11	0.14	0.17	0.49	0.93	0.48	0.0
39200000	0.4319999367455871	95.61	0.13	0.1	0.45	0.87	0.46	0.02
39250000	0.42999993666614866	100.85	0.12	0.14	0.48	0.91	0.48	0.06
39300000	0.4279999365867102	102.15	0.25	0.16	0.41	0.93	0.51	0.02
39350000	0.42599993650727175	97.34	0.17	0.1	0.43	0.96	0.45	0.02
39400000	0.4239999364278333	99.46	0.1	0.16	0.4	0.92	0.49	0.02
39450000	0.42199993634839483	103.21	0.24	0.15	0.51	0.95	0.5	0.0
39500000	0.4199999362689564	102.68	0.16	0.16	0.41	0.95	0.59	0.01
39550000	0.4179999361895179	104.31	0.22	0.14	0.45	0.95	0.54	0.02
39600000	0.41599993611007946	102.58	0.19	0.13	0.43	0.92	0.52	0.03
39650000	0.413999936030641	104.52	0.19	0.13	0.53	0.94	0.54	0.01
39700000	0.41199993595120254	100.62	0.19	0.12	0.39	0.96	0.51	0.04
39750000	0.4099999358717641	102.59	0.18	0.15	0.45	0.92	0.54	0.01
39800000	0.40799993579232563	105.01	0.17	0.17	0.49	0.92	0.49	0.05
39850000	0.40599993571288717	102.66	0.16	0.13	0.46	0.97	0.49	0.0
39900000	0.4039999356334487	100.68	0.14	0.15	0.41	0.98	0.46	0.04
39950000	0.40199993555401026	104.58	0.17	0.16	0.47	0.95	0.54	0.01
40000000	0.3999999354745718	100.74	0.13	0.16	0.48	0.94	0.44	0.0
40050000	0.39799993539513334	102.53	0.13	0.16	0.48	0.93	0.45	0.04
40100000	0.3959999353156949	99.64	0.15	0.13	0.36	0.96	0.55	0.02
40150000	0.3939999352362564	103.25	0.16	0.17	0.43	0.94	0.46	0.05
40200000	0.39199993515681797	104.65	0.16	0.17	0.49	0.91	0.6	0.03
40250000	0.3899999350773795	104.09	0.16	0.25	0.53	0.89	0.47	0.03
40300000	0.38799993499794105	99.01	0.14	0.15	0.39	0.95	0.45	0.03
40350000	0.3859999349185026	100.91	0.12	0.17	0.47	0.92	0.49	0.01
40400000	0.38399993483906414	102.52	0.19	0.24	0.46	0.89	0.43	0.03
40450000	0.3819999347596257	104.45	0.16	0.18	0.49	0.92	0.54	0.03
40500000	0.3799999346801872	103.57	0.21	0.13	0.52	0.93	0.49	0.02
40550000	0.37799993460074877	100.89	0.18	0.18	0.46	0.92	0.49	0.01
40600000	0.3759999345213103	99.23	0.16	0.07	0.39	0.95	0.5	0.01
40650000	0.37399993444187185	98.47	0.17	0.16	0.39	0.92	0.48	0.02
40700000	0.3719999343624334	100.09	0.2	0.14	0.43	0.91	0.46	0.02
40750000	0.36999993428299494	104.68	0.23	0.19	0.48	0.94	0.52	0.01
40800000	0.3679999342035565	99.97	0.15	0.1	0.45	0.94	0.47	0.02
40850000	0.365999934124118	108.1	0.23	0.15	0.54	0.96	0.59	0.03
40900000	0.36399993404467956	104.34	0.18	0.18	0.51	0.97	0.47	0.01
40950000	0.3619999339652411	102.11	0.26	0.14	0.46	0.93	0.48	0.02
41000000	0.35999993388580265	106.6	0.16	0.19	0.55	0.92	0.5	0.04
41050000	0.3579999338063642	102.35	0.12	0.23	0.46	0.96	0.46	0.02
41100000	0.35599993372692573	108.04	0.18	0.17	0.52	0.96	0.55	0.04
41150000	0.3539999336474873	106.19	0.27	0.16	0.52	0.93	0.48	0.01
41200000	0.3519999335680488	105.74	0.18	0.16	0.44	0.94	0.6	0.04
41250000	0.34999993348861036	105.16	0.22	0.19	0.45	0.96	0.56	0.02
41300000	0.3479999334091719	104.93	0.16	0.21	0.48	0.98	0.47	0.04
41350000	0.34599993332973344	108.08	0.25	0.22	0.46	0.93	0.54	0.05
41400000	0.343999933250295	105.13	0.19	0.12	0.47	0.95	0.57	0.0
41450000	0.34199993317085653	109.84	0.38	0.14	0.51	0.91	0.63	0.01
41500000	0.33999993309141807	108.3	0.25	0.22	0.51	0.94	0.5	0.03
41550000	0.3379999330119796	108.33	0.26	0.12	0.46	0.97	0.62	0.02
41600000	0.33599993293254116	104.16	0.21	0.18	0.48	0.93	0.47	0.01
41650000	0.3339999328531027	103.84	0.25	0.15	0.49	0.94	0.46	0.04
41700000	0.33199993277366424	106.89	0.17	0.16	0.5	0.97	0.56	0.03
41750000	0.3299999326942258	107.41	0.24	0.12	0.54	0.94	0.57	0.02
41800000	0.3279999326147873	106.5	0.27	0.11	0.51	0.96	0.57	0.01
41850000	0.32599993253534887	101.37	0.23	0.17	0.36	0.96	0.47	0.02
41900000	0.3239999324559104	109.23	0.22	0.24	0.52	0.92	0.59	0.03
41950000	0.32199993237647195	107.86	0.19	0.17	0.5	0.97	0.58	0.01
42000000	0.3199999322970335	102.87	0.23	0.12	0.44	0.96	0.5	0.02
42050000	0.31799993221759504	105.85	0.19	0.16	0.53	0.97	0.44	0.03
42100000	0.3159999321381566	103.37	0.19	0.2	0.48	0.92	0.46	0.0
42150000	0.3139999320587181	110.67	0.3	0.21	0.5	0.96	0.59	0.02
42200000	0.31199993197927967	107.7	0.23	0.17	0.52	0.93	0.53	0.05
42250000	0.3099999318998412	108.94	0.24	0.19	0.59	0.95	0.47	0.04
42300000	0.30799993182040275	107.64	0.25	0.22	0.54	0.95	0.48	0.01
42350000	0.3059999317409643	105.47	0.2	0.14	0.48	0.94	0.55	0.03
42400000	0.30399993166152584	104.41	0.2	0.19	0.45	0.97	0.51	0.03
42450000	0.3019999315820874	109.25	0.26	0.18	0.59	0.95	0.53	0.01
42500000	0.2999999315026489	106.44	0.25	0.16	0.47	0.93	0.54	0.04
42550000	0.29799993142321046	102.49	0.18	0.2	0.43	0.95	0.45	0.02
42600000	0.295999931343772	111.6	0.31	0.18	0.57	0.96	0.58	0.01
42650000	0.29399993126433355	107.9	0.22	0.15	0.51	0.96	0.53	0.03
42700000	0.2919999311848951	108.7	0.24	0.14	0.47	0.95	0.57	0.04
42750000	0.28999993110545663	108.31	0.12	0.19	0.56	0.93	0.59	0.03
42800000	0.2879999310260182	105.58	0.34	0.17	0.5	0.92	0.44	0.02
42850000	0.2859999309465797	108.62	0.25	0.18	0.55	0.94	0.51	0.05
42900000	0.28399993086714126	114.14	0.23	0.15	0.6	0.98	0.6	0.08
42950000	0.2819999307877028	106.99	0.21	0.2	0.52	0.92	0.54	0.03
43000000	0.27999993070826434	111.43	0.27	0.21	0.51	0.94	0.67	0.01
43050000	0.2779999306288259	108.16	0.24	0.16	0.48	0.96	0.6	0.02
43100000	0.27599993054938743	109.84	0.21	0.21	0.54	0.95	0.57	0.03
43150000	0.27399993046994897	108.29	0.25	0.15	0.5	0.92	0.59	0.05
43200000	0.2719999303905105	108.15	0.22	0.21	0.46	0.97	0.61	0.01
43250000	0.26999993031107206	111.56	0.25	0.2	0.53	0.95	0.61	0.02
43300000	0.2679999302316336	112.87	0.3	0.21	0.58	0.9	0.6	0.03
43350000	0.26599993015219514	114.84	0.22	0.28	0.5	0.95	0.6	0.06
43400000	0.2639999300727567	112.11	0.31	0.15	0.52	0.98	0.63	0.04
43450000	0.2619999299933182	111.33	0.22	0.21	0.53	0.98	0.6	0.02
43500000	0.25999992991387977	111.95	0.29	0.18	0.53	0.95	0.65	0.01
43550000	0.2579999298344413	112.84	0.29	0.15	0.51	0.96	0.63	0.03
43600000	0.25599992975500285	111.5	0.34	0.16	0.53	0.92	0.62	0.03
43650000	0.2539999296755644	115.67	0.2	0.2	0.67	0.95	0.62	0.04
43700000	0.25199992959612594	112.72	0.25	0.2	0.56	0.96	0.61	0.01
43750000	0.24999992951668748	112.47	0.33	0.2	0.53	0.96	0.58	0.03
43800000	0.24799992943724902	110.11	0.24	0.17	0.57	0.96	0.56	0.02
43850000	0.24599992935781057	111.59	0.26	0.21	0.57	0.98	0.54	0.0
43900000	0.2439999292783721	110.21	0.24	0.19	0.5	0.98	0.58	0.01
43950000	0.24199992919893365	112.73	0.29	0.19	0.6	0.96	0.58	0.02
44000000	0.2399999291194952	114.77	0.26	0.25	0.52	0.98	0.66	0.04
44050000	0.23799992904005673	107.61	0.22	0.16	0.52	0.92	0.6	0.02
44100000	0.23599992896061828	112.7	0.29	0.23	0.52	0.94	0.61	0.02
44150000	0.23399992888117982	110.71	0.21	0.2	0.48	0.98	0.61	0.04
44200000	0.23199992880174136	112.01	0.23	0.21	0.51	0.99	0.62	0.02
44250000	0.2299999287223029	114.76	0.22	0.21	0.54	0.97	0.67	0.04
44300000	0.22799992864286445	113.52	0.23	0.21	0.64	0.96	0.64	0.0
44350000	0.225999928563426	110.76	0.28	0.17	0.54	0.95	0.66	0.02
44400000	0.22399992848398753	110.83	0.31	0.22	0.49	0.97	0.54	0.01
44450000	0.22199992840454907	115.66	0.31	0.23	0.5	0.96	0.62	0.07
44500000	0.21999992832511062	116.09	0.28	0.21	0.65	0.98	0.62	0.02
44550000	0.21799992824567216	112.8	0.26	0.25	0.52	0.94	0.6	0.04
44600000	0.2159999281662337	113.82	0.26	0.21	0.64	0.95	0.54	0.05
44650000	0.21399992808679524	114.09	0.25	0.26	0.52	0.97	0.62	0.04
44700000	0.21199992800735679	114.57	0.3	0.17	0.58	0.98	0.6	0.03
44750000	0.20999992792791833	114.39	0.4	0.2	0.55	0.96	0.59	0.02
44800000	0.20799992784847987	115.67	0.35	0.2	0.65	0.95	0.58	0.05
44850000	0.2059999277690414	116.79	0.33	0.18	0.6	0.97	0.74	0.02
44900000	0.20399992768960296	108.51	0.25	0.15	0.56	0.96	0.48	0.05
44950000	0.2019999276101645	113.72	0.3	0.23	0.54	0.99	0.53	0.04
45000000	0.19999992753072604	112.44	0.23	0.19	0.55	0.97	0.57	0.06
45050000	0.19799992745128758	117.17	0.32	0.22	0.62	0.99	0.64	0.02
45100000	0.19599992737184913	113.8	0.33	0.17	0.61	0.98	0.56	0.02
45150000	0.19399992729241067	116.2	0.22	0.2	0.6	0.94	0.68	0.06
45200000	0.1919999272129722	111.77	0.22	0.21	0.58	0.96	0.57	0.01
45250000	0.18999992713353375	115.52	0.37	0.21	0.54	0.95	0.68	0.04
45300000	0.1879999270540953	109.83	0.27	0.18	0.53	0.98	0.49	0.06
45350000	0.18599992697465684	115.6	0.26	0.22	0.56	0.98	0.67	0.04
45400000	0.18399992689521838	111.17	0.24	0.25	0.53	0.93	0.52	0.04
45450000	0.18199992681577992	115.5	0.3	0.19	0.65	0.97	0.58	0.04
45500000	0.17999992673634146	116.09	0.34	0.21	0.62	0.93	0.66	0.03
45550000	0.177999926656903	117.8	0.35	0.21	0.57	0.97	0.67	0.06
45600000	0.17599992657746455	116.19	0.24	0.18	0.64	0.98	0.63	0.03
45650000	0.1739999264980261	120.83	0.25	0.24	0.71	0.98	0.68	0.06
45700000	0.17199992641858763	113.6	0.33	0.2	0.55	0.95	0.57	0.04
45750000	0.16999992633914918	121.28	0.32	0.28	0.65	0.97	0.64	0.09
45800000	0.16799992625971072	114.54	0.31	0.25	0.62	1.0	0.53	0.04
45850000	0.16599992618027226	115.6	0.25	0.09	0.67	0.97	0.66	0.05
45900000	0.1639999261008338	117.29	0.33	0.26	0.57	0.95	0.68	0.02
45950000	0.16199992602139535	118.4	0.39	0.2	0.64	0.99	0.59	0.05
46000000	0.1599999259419569	115.5	0.23	0.25	0.61	0.95	0.58	0.05
46050000	0.15799992586251843	121.37	0.25	0.28	0.66	0.97	0.7	0.05
46100000	0.15599992578307997	113.55	0.23	0.12	0.6	0.96	0.68	0.02
46150000	0.15399992570364152	119.31	0.27	0.23	0.69	0.98	0.65	0.05
46200000	0.15199992562420306	118.08	0.37	0.18	0.63	1.0	0.59	0.04
46250000	0.1499999255447646	119.29	0.36	0.24	0.61	0.95	0.64	0.07
46300000	0.14799992546532614	120.34	0.36	0.29	0.6	0.99	0.63	0.05
46350000	0.14599992538588769	115.54	0.27	0.21	0.64	0.95	0.61	0.02
46400000	0.14399992530644923	114.61	0.28	0.26	0.59	0.97	0.52	0.03
46450000	0.14199992522701077	120.28	0.28	0.21	0.66	0.96	0.67	0.06
46500000	0.1399999251475723	117.62	0.38	0.1	0.62	1.0	0.67	0.04
46550000	0.13799992506813386	113.63	0.28	0.14	0.55	0.96	0.66	0.05
46600000	0.1359999249886954	117.87	0.31	0.17	0.62	0.97	0.7	0.05
46650000	0.13399992490925694	121.48	0.33	0.25	0.7	0.98	0.65	0.03
46700000	0.13199992482981848	121.6	0.38	0.25	0.64	0.91	0.7	0.02
46750000	0.12999992475038002	120.19	0.38	0.3	0.6	1.0	0.58	0.06
46800000	0.12799992467094157	120.05	0.34	0.24	0.65	0.98	0.59	0.05
46850000	0.1259999245915031	120.24	0.36	0.21	0.67	0.97	0.7	0.04
46900000	0.12399992451171768	119.53	0.38	0.27	0.68	0.95	0.59	0.02
46950000	0.12199992443158533	117.42	0.34	0.16	0.65	0.99	0.67	0.03
47000000	0.11999992435145299	120.19	0.3	0.27	0.61	0.95	0.69	0.04
47050000	0.11799992427132064	117.49	0.32	0.28	0.56	0.95	0.61	0.05
47100000	0.11599992419118829	120.36	0.31	0.21	0.68	0.96	0.75	0.0
47150000	0.11399992411105594	116.39	0.28	0.17	0.61	0.99	0.63	0.03
47200000	0.1119999240309236	121.36	0.35	0.22	0.75	0.94	0.65	0.02
47250000	0.10999992395079125	119.25	0.35	0.33	0.62	0.98	0.56	0.02
47300000	0.1079999238706589	120.47	0.34	0.21	0.67	0.99	0.65	0.05
47350000	0.10599992379052656	123.06	0.26	0.28	0.68	0.99	0.71	0.06
47400000	0.10399992371039421	115.64	0.26	0.23	0.59	0.97	0.58	0.04
47450000	0.10199992363026186	122.0	0.32	0.31	0.68	0.94	0.68	0.02
47500000	0.09999992355012952	119.45	0.27	0.28	0.64	0.96	0.67	0.02
47550000	0.09799992346999717	119.75	0.31	0.21	0.75	0.98	0.57	0.03
47600000	0.09599992338986482	121.12	0.33	0.37	0.6	0.99	0.65	0.03
47650000	0.09399992330973247	118.0	0.32	0.22	0.65	0.98	0.64	0.03
47700000	0.09199992322960013	119.65	0.36	0.21	0.65	0.99	0.62	0.04
47750000	0.08999992314946778	121.79	0.36	0.23	0.66	0.99	0.67	0.01
47800000	0.08799992306933543	125.07	0.37	0.28	0.73	0.97	0.68	0.02
47850000	0.08599992298920309	120.18	0.4	0.2	0.62	0.95	0.69	0.04
47900000	0.08399992290907074	121.06	0.36	0.34	0.65	0.97	0.6	0.0
47950000	0.08199992282893839	119.98	0.34	0.26	0.66	0.97	0.62	0.02
48000000	0.07999992274880605	124.71	0.36	0.3	0.69	0.98	0.7	0.05
48050000	0.0779999226686737	123.54	0.39	0.22	0.68	0.98	0.68	0.08
48100000	0.07599992258854135	120.38	0.33	0.18	0.66	0.98	0.71	0.03
48150000	0.073999922508409	120.76	0.39	0.28	0.59	0.97	0.69	0.03
48200000	0.07199992242827666	124.16	0.38	0.24	0.74	0.97	0.68	0.02
48250000	0.06999992234814431	120.76	0.36	0.25	0.68	1.0	0.58	0.01
48300000	0.06799992226801196	122.54	0.31	0.32	0.65	0.95	0.7	0.03
48350000	0.06599992218787962	118.69	0.3	0.23	0.64	1.0	0.61	0.03
48400000	0.06399992210774727	123.58	0.41	0.22	0.72	0.97	0.71	0.03
48450000	0.06199992202761492	125.09	0.29	0.34	0.66	0.96	0.76	0.03
48500000	0.059999921947482576	119.11	0.37	0.21	0.64	0.95	0.67	0.03
48550000	0.05799992186735023	118.19	0.36	0.16	0.64	0.96	0.71	0.04
48600000	0.05599992178721788	121.9	0.38	0.27	0.62	0.97	0.74	0.0
48650000	0.053999921707085535	128.51	0.44	0.29	0.78	0.97	0.76	0.03
48700000	0.05199992162695319	123.42	0.43	0.23	0.75	0.95	0.65	0.03
48750000	0.04999992154682084	121.8	0.34	0.24	0.67	0.99	0.65	0.03
48800000	0.047999921466688494	124.26	0.36	0.29	0.61	0.95	0.79	0.04
48850000	0.04599992138655615	123.75	0.41	0.29	0.65	0.98	0.69	0.06
48900000	0.0439999213064238	124.47	0.4	0.36	0.65	0.96	0.64	0.05
48950000	0.04199992122629145	123.27	0.36	0.32	0.59	0.98	0.67	0.06
49000000	0.039999921146159106	123.99	0.49	0.25	0.67	0.97	0.71	0.01
49050000	0.03799992106602676	126.45	0.43	0.31	0.73	0.99	0.66	0.05
49100000	0.03599992098589441	124.57	0.39	0.27	0.79	0.98	0.6	0.03
49150000	0.033999920905762065	124.6	0.33	0.33	0.65	0.97	0.71	0.05
49200000	0.03199992082562972	122.92	0.38	0.28	0.63	0.96	0.76	0.03
49250000	0.0299999207456058	122.63	0.43	0.26	0.7	0.98	0.62	0.03
49300000	0.027999920665646924	128.43	0.47	0.3	0.66	0.98	0.73	0.09
49350000	0.02599992058568805	128.13	0.32	0.3	0.78	0.96	0.72	0.06
49400000	0.023999920505729175	129.33	0.45	0.22	0.8	0.98	0.77	0.03
49450000	0.0219999204257703	127.37	0.49	0.31	0.73	0.98	0.7	0.03
49500000	0.019999920345811426	129.88	0.42	0.27	0.75	0.99	0.78	0.05
49550000	0.01799992026585255	127.17	0.37	0.23	0.73	0.99	0.73	0.07
49600000	0.015999920185893676	124.87	0.42	0.24	0.74	0.97	0.67	0.02
49650000	0.013999920105934802	122.94	0.38	0.26	0.65	1.0	0.63	0.04
49700000	0.011999920025975927	125.82	0.39	0.29	0.68	0.99	0.7	0.06
49750000	0.009999919946017052	122.66	0.46	0.25	0.69	0.97	0.67	0.01
49800000	0.007999919866058178	122.79	0.45	0.22	0.68	0.97	0.67	0.02
49850000	0.005999919786059999	127.63	0.38	0.25	0.72	0.99	0.76	0.07
49900000	0.003999919706057756	126.21	0.36	0.26	0.8	0.96	0.69	0.03
49950000	0.001999919626055513	127.07	0.44	0.32	0.65	0.97	0.67	0.09
50000000	-4.0453944501117994e-08	125.36	0.46	0.21	0.69	0.99	0.77	0.02
