episode	eps	score	bonus	straight	full	low	high	yum
10000	1.00	94.79	0.11	0.18	0.46	0.84	0.36	0.07
20000	1.00	104.46	0.14	0.21	0.55	0.90	0.38	0.07
30000	1.00	101.53	0.10	0.17	0.53	0.86	0.44	0.03
40000	1.00	109.08	0.21	0.27	0.47	0.92	0.40	0.04
50000	0.99	106.93	0.19	0.19	0.51	0.90	0.42	0.06
60000	0.99	113.44	0.22	0.22	0.49	0.90	0.44	0.14
70000	0.99	114.54	0.23	0.25	0.50	0.94	0.45	0.06
80000	0.99	115.43	0.20	0.26	0.53	0.91	0.45	0.10
90000	0.99	121.6	0.27	0.26	0.62	0.96	0.55	0.05
100000	0.99	121.12	0.29	0.26	0.54	0.94	0.48	0.14
110000	0.99	126.91	0.39	0.27	0.64	0.94	0.47	0.14
120000	0.99	120.8	0.35	0.16	0.60	0.98	0.47	0.10
130000	0.98	116.61	0.26	0.24	0.57	0.93	0.48	0.07
140000	0.98	126.73	0.30	0.31	0.62	0.96	0.61	0.05
150000	0.98	126.85	0.26	0.29	0.71	0.92	0.60	0.09
160000	0.98	121.25	0.31	0.24	0.58	0.93	0.47	0.12
170000	0.98	124.93	0.30	0.23	0.60	0.94	0.58	0.10
180000	0.98	120.58	0.25	0.23	0.59	0.91	0.57	0.10
190000	0.98	122.92	0.33	0.24	0.59	0.94	0.51	0.08
200000	0.98	120.81	0.34	0.24	0.60	0.98	0.41	0.06
210000	0.97	124.22	0.33	0.19	0.58	0.94	0.60	0.11
220000	0.97	128.71	0.38	0.34	0.62	0.94	0.49	0.09
230000	0.97	129.52	0.34	0.32	0.64	0.97	0.54	0.08
240000	0.97	126.01	0.32	0.25	0.60	0.94	0.63	0.07
250000	0.97	133.33	0.38	0.20	0.76	0.98	0.61	0.11
260000	0.97	131.57	0.36	0.34	0.63	0.98	0.56	0.11
270000	0.97	129.51	0.36	0.28	0.60	0.96	0.63	0.07
280000	0.97	131.77	0.37	0.32	0.68	0.96	0.56	0.12
290000	0.96	126.02	0.33	0.28	0.61	0.97	0.52	0.06
300000	0.96	129.86	0.40	0.25	0.60	0.98	0.54	0.11
310000	0.96	126.28	0.35	0.26	0.57	0.95	0.53	0.12
320000	0.96	127.81	0.35	0.21	0.63	0.98	0.62	0.07
330000	0.96	127.67	0.34	0.25	0.62	0.96	0.54	0.14
340000	0.96	129.95	0.43	0.29	0.55	0.93	0.59	0.09
350000	0.96	128.94	0.33	0.28	0.63	0.97	0.61	0.11
360000	0.96	132.47	0.41	0.28	0.68	0.97	0.56	0.11
370000	0.95	133.34	0.43	0.26	0.69	0.96	0.58	0.09
380000	0.95	129.81	0.41	0.36	0.59	0.91	0.55	0.08
390000	0.95	130.25	0.37	0.30	0.62	0.99	0.55	0.08
400000	0.95	132.86	0.46	0.23	0.55	0.94	0.60	0.15
410000	0.95	132.42	0.38	0.26	0.63	0.94	0.63	0.11
420000	0.95	130.14	0.40	0.26	0.57	0.98	0.55	0.11
430000	0.95	131.6	0.38	0.24	0.65	0.96	0.58	0.11
440000	0.95	132.11	0.42	0.28	0.64	0.97	0.49	0.13
450000	0.94	125.65	0.37	0.26	0.63	0.96	0.58	0.03
460000	0.94	133.71	0.40	0.26	0.69	0.95	0.60	0.13
470000	0.94	134.09	0.39	0.32	0.66	0.99	0.55	0.12
480000	0.94	129.6	0.37	0.30	0.60	0.95	0.56	0.09
490000	0.94	136.28	0.42	0.31	0.70	0.96	0.60	0.16
500000	0.94	130.53	0.31	0.26	0.69	1.00	0.61	0.10
510000	0.94	130.25	0.38	0.32	0.56	0.94	0.55	0.16
520000	0.94	131.94	0.42	0.21	0.67	0.96	0.61	0.09
530000	0.93	139.08	0.47	0.30	0.67	0.98	0.59	0.18
540000	0.93	131.7	0.44	0.26	0.62	0.99	0.49	0.15
550000	0.93	131.34	0.39	0.31	0.58	0.99	0.58	0.10
560000	0.93	135.86	0.48	0.29	0.65	0.97	0.63	0.09
570000	0.93	137.26	0.48	0.34	0.62	0.94	0.65	0.10
580000	0.93	133.5	0.40	0.27	0.67	0.98	0.62	0.07
590000	0.93	128.08	0.38	0.25	0.60	0.96	0.62	0.07
600000	0.93	138.51	0.47	0.34	0.60	0.95	0.70	0.13
610000	0.92	135.94	0.44	0.39	0.61	0.99	0.55	0.10
620000	0.92	133.8	0.41	0.30	0.66	0.98	0.55	0.10
630000	0.92	133.69	0.40	0.27	0.62	0.95	0.67	0.11
640000	0.92	130.65	0.33	0.26	0.74	0.98	0.54	0.12
650000	0.92	135.54	0.43	0.25	0.75	0.93	0.53	0.17
660000	0.92	129.33	0.34	0.34	0.66	0.97	0.55	0.08
670000	0.92	130.4	0.38	0.30	0.56	0.96	0.61	0.11
680000	0.92	131.51	0.39	0.31	0.58	0.99	0.65	0.07
690000	0.91	134.63	0.46	0.34	0.63	0.99	0.57	0.07
700000	0.91	130.77	0.39	0.30	0.73	0.97	0.48	0.08
710000	0.91	134.02	0.42	0.37	0.58	0.99	0.63	0.08
720000	0.91	134.19	0.40	0.28	0.64	0.98	0.56	0.14
730000	0.91	133.39	0.42	0.31	0.60	0.97	0.67	0.08
740000	0.91	132.97	0.43	0.31	0.62	0.99	0.53	0.09
750000	0.91	136.97	0.56	0.29	0.63	0.96	0.54	0.09
760000	0.91	134.39	0.46	0.33	0.64	0.97	0.51	0.07
770000	0.90	137.95	0.52	0.38	0.57	0.97	0.52	0.15
780000	0.90	133.84	0.46	0.30	0.60	0.93	0.59	0.10
790000	0.90	135.2	0.35	0.33	0.70	0.99	0.62	0.13
800000	0.90	132.25	0.43	0.23	0.63	0.92	0.65	0.08
810000	0.90	136.36	0.43	0.27	0.69	0.97	0.65	0.10
820000	0.90	138.63	0.50	0.30	0.62	0.97	0.55	0.23
830000	0.90	139.22	0.49	0.27	0.71	0.96	0.64	0.09
840000	0.90	133.96	0.41	0.33	0.65	0.99	0.54	0.11
850000	0.89	139.91	0.54	0.25	0.74	0.96	0.65	0.08
860000	0.89	135.56	0.41	0.30	0.64	0.97	0.70	0.06
870000	0.89	137.97	0.48	0.29	0.71	0.98	0.63	0.07
880000	0.89	138.9	0.42	0.33	0.70	0.98	0.67	0.13
890000	0.89	134.33	0.45	0.24	0.64	0.96	0.63	0.09
900000	0.89	137.26	0.53	0.26	0.65	0.94	0.61	0.12
910000	0.89	138.38	0.41	0.26	0.74	0.97	0.61	0.21
920000	0.89	136.41	0.44	0.30	0.70	0.97	0.56	0.15
930000	0.88	136.95	0.42	0.33	0.68	0.97	0.63	0.13
940000	0.88	134.32	0.40	0.29	0.62	0.98	0.61	0.14
950000	0.88	134.77	0.38	0.37	0.64	0.95	0.60	0.16
960000	0.88	143.91	0.54	0.36	0.71	0.98	0.66	0.10
970000	0.88	138.0	0.41	0.29	0.71	0.98	0.69	0.11
980000	0.88	133.39	0.35	0.28	0.65	1.00	0.64	0.15
990000	0.88	136.45	0.43	0.29	0.67	0.99	0.66	0.08
1000000	0.88	137.94	0.46	0.34	0.61	0.98	0.65	0.13
1010000	0.87	140.55	0.48	0.31	0.71	0.96	0.67	0.10
1020000	0.87	140.38	0.45	0.34	0.66	0.99	0.68	0.17
1030000	0.87	138.93	0.47	0.36	0.62	0.97	0.66	0.12
1040000	0.87	135.14	0.48	0.35	0.60	0.97	0.55	0.13
1050000	0.87	137.62	0.49	0.27	0.69	0.96	0.57	0.14
1060000	0.87	138.21	0.50	0.31	0.66	0.98	0.62	0.09
1070000	0.87	140.01	0.53	0.32	0.65	0.97	0.62	0.14
1080000	0.87	135.91	0.41	0.28	0.65	0.98	0.64	0.12
1090000	0.87	133.83	0.39	0.26	0.61	0.97	0.69	0.10
1100000	0.86	138.14	0.48	0.30	0.64	0.96	0.54	0.21
1110000	0.86	140.82	0.50	0.41	0.64	0.96	0.62	0.12
1120000	0.86	140.08	0.39	0.37	0.70	0.95	0.68	0.16
1130000	0.86	136.68	0.37	0.38	0.62	1.00	0.65	0.14
1140000	0.86	140.69	0.45	0.31	0.66	0.96	0.70	0.16
1150000	0.86	139.62	0.47	0.41	0.66	0.95	0.60	0.12
1160000	0.86	136.88	0.50	0.39	0.54	0.97	0.55	0.12
1170000	0.86	141.61	0.47	0.41	0.74	0.97	0.65	0.10
1180000	0.85	139.48	0.51	0.34	0.70	0.97	0.61	0.07
1190000	0.85	138.82	0.46	0.27	0.72	0.97	0.60	0.12
1200000	0.85	141.19	0.53	0.34	0.67	0.95	0.67	0.10
1210000	0.85	141.91	0.37	0.37	0.78	1.00	0.69	0.16
1220000	0.85	135.25	0.42	0.37	0.68	0.96	0.58	0.08
1230000	0.85	135.85	0.39	0.33	0.67	0.97	0.67	0.09
1240000	0.85	136.35	0.40	0.32	0.74	0.97	0.62	0.09
1250000	0.85	133.48	0.41	0.26	0.58	0.98	0.67	0.14
1260000	0.84	137.7	0.38	0.28	0.70	0.98	0.67	0.15
1270000	0.84	131.59	0.42	0.35	0.58	0.98	0.56	0.07
1280000	0.84	139.89	0.54	0.32	0.66	0.98	0.60	0.13
1290000	0.84	140.97	0.46	0.32	0.79	0.95	0.64	0.11
1300000	0.84	136.15	0.46	0.34	0.64	0.94	0.62	0.06
1310000	0.84	143.72	0.48	0.35	0.74	0.99	0.69	0.13
1320000	0.84	138.68	0.42	0.30	0.71	0.99	0.57	0.18
1330000	0.84	139.47	0.46	0.39	0.73	0.97	0.58	0.10
1340000	0.83	135.92	0.44	0.32	0.61	0.96	0.60	0.14
1350000	0.83	141.03	0.37	0.39	0.75	0.97	0.64	0.17
1360000	0.83	145.02	0.52	0.39	0.71	0.98	0.62	0.16
1370000	0.83	136.62	0.46	0.35	0.68	0.96	0.56	0.09
1380000	0.83	141.18	0.51	0.34	0.64	0.95	0.66	0.13
1390000	0.83	140.97	0.46	0.36	0.71	0.98	0.61	0.16
1400000	0.83	138.63	0.40	0.33	0.68	0.99	0.70	0.09
1410000	0.83	136.8	0.44	0.30	0.60	0.98	0.68	0.13
1420000	0.82	138.18	0.48	0.32	0.66	0.98	0.63	0.08
1430000	0.82	141.48	0.51	0.23	0.72	0.98	0.68	0.11
1440000	0.82	136.75	0.48	0.29	0.61	0.96	0.67	0.13
1450000	0.82	140.89	0.49	0.29	0.71	0.98	0.62	0.15
1460000	0.82	144.69	0.57	0.31	0.75	0.94	0.68	0.12
1470000	0.82	138.74	0.52	0.20	0.72	0.97	0.59	0.15
1480000	0.82	138.82	0.46	0.34	0.67	0.97	0.55	0.16
1490000	0.82	142.63	0.54	0.30	0.64	0.98	0.68	0.14
1500000	0.81	139.66	0.47	0.28	0.69	0.99	0.67	0.13
1510000	0.81	147.35	0.62	0.35	0.69	0.98	0.66	0.14
1520000	0.81	143.18	0.49	0.43	0.70	0.97	0.61	0.14
1530000	0.81	142.63	0.49	0.27	0.76	0.95	0.68	0.15
1540000	0.81	143.76	0.54	0.34	0.72	1.00	0.61	0.14
1550000	0.81	145.33	0.57	0.38	0.66	0.95	0.77	0.10
1560000	0.81	137.36	0.46	0.28	0.73	0.95	0.61	0.09
1570000	0.81	138.33	0.41	0.33	0.67	0.98	0.69	0.11
1580000	0.80	138.73	0.44	0.32	0.61	0.97	0.66	0.17
1590000	0.80	138.19	0.44	0.33	0.66	0.99	0.61	0.13
1600000	0.80	145.52	0.56	0.31	0.73	0.99	0.66	0.14
1610000	0.80	143.06	0.45	0.31	0.77	0.99	0.67	0.17
1620000	0.80	142.67	0.50	0.41	0.61	0.98	0.70	0.09
1630000	0.80	143.79	0.47	0.27	0.74	0.98	0.65	0.21
1640000	0.80	143.68	0.46	0.38	0.76	0.99	0.66	0.13
1650000	0.80	140.2	0.45	0.33	0.67	1.00	0.61	0.17
1660000	0.79	135.04	0.40	0.37	0.69	0.98	0.60	0.08
1670000	0.79	139.73	0.46	0.34	0.69	0.99	0.65	0.10
1680000	0.79	133.04	0.41	0.32	0.62	0.98	0.55	0.13
1690000	0.79	137.1	0.44	0.36	0.64	0.98	0.54	0.12
1700000	0.79	134.43	0.41	0.37	0.60	0.96	0.56	0.16
1710000	0.79	138.76	0.47	0.34	0.64	0.98	0.60	0.11
1720000	0.79	142.7	0.51	0.38	0.65	0.98	0.60	0.15
1730000	0.79	141.65	0.49	0.36	0.68	0.97	0.69	0.10
1740000	0.78	144.49	0.58	0.33	0.72	0.96	0.63	0.13
1750000	0.78	140.12	0.42	0.28	0.76	1.00	0.62	0.16
1760000	0.78	141.53	0.50	0.44	0.71	0.97	0.64	0.09
1770000	0.78	142.61	0.50	0.30	0.76	0.98	0.60	0.13
1780000	0.78	142.18	0.53	0.28	0.68	0.99	0.68	0.13
1790000	0.78	140.4	0.47	0.34	0.71	0.99	0.63	0.11
1800000	0.78	139.33	0.45	0.35	0.68	0.97	0.58	0.16
1810000	0.78	139.67	0.51	0.34	0.59	0.99	0.65	0.13
1820000	0.77	143.72	0.57	0.29	0.66	0.98	0.69	0.10
1830000	0.77	139.85	0.48	0.33	0.66	0.98	0.65	0.14
1840000	0.77	142.08	0.50	0.35	0.66	0.94	0.69	0.15
1850000	0.77	143.88	0.52	0.40	0.61	0.99	0.70	0.12
1860000	0.77	141.02	0.48	0.27	0.70	0.99	0.70	0.13
1870000	0.77	141.19	0.50	0.30	0.68	0.99	0.60	0.16
1880000	0.77	143.35	0.51	0.34	0.73	1.00	0.67	0.13
1890000	0.77	147.63	0.60	0.29	0.73	0.98	0.70	0.16
1900000	0.76	139.17	0.50	0.33	0.69	0.97	0.59	0.09
1910000	0.76	144.37	0.58	0.30	0.64	0.99	0.66	0.17
1920000	0.76	145.18	0.55	0.38	0.70	0.99	0.63	0.13
1930000	0.76	144.84	0.52	0.38	0.70	0.99	0.70	0.11
1940000	0.76	142.76	0.50	0.33	0.75	0.96	0.66	0.12
1950000	0.76	146.95	0.54	0.38	0.66	0.98	0.70	0.20
1960000	0.76	149.2	0.58	0.38	0.73	0.98	0.74	0.13
1970000	0.76	141.25	0.51	0.31	0.65	0.95	0.66	0.18
1980000	0.75	145.98	0.50	0.38	0.76	0.99	0.68	0.12
1990000	0.75	146.25	0.60	0.33	0.62	0.98	0.71	0.19
2000000	0.75	138.81	0.57	0.26	0.75	0.98	0.50	0.07
2010000	0.75	144.25	0.51	0.34	0.75	0.98	0.64	0.14
2020000	0.75	137.43	0.44	0.31	0.67	0.98	0.61	0.12
2030000	0.75	140.65	0.46	0.28	0.67	0.97	0.64	0.20
2040000	0.75	142.68	0.56	0.23	0.72	0.98	0.62	0.16
2050000	0.75	142.94	0.52	0.33	0.72	0.96	0.68	0.12
2060000	0.75	142.52	0.53	0.30	0.64	0.98	0.64	0.18
2070000	0.74	143.63	0.52	0.43	0.68	0.99	0.60	0.13
2080000	0.74	135.01	0.42	0.27	0.66	0.96	0.65	0.11
2090000	0.74	142.98	0.52	0.34	0.67	0.98	0.68	0.12
2100000	0.74	142.11	0.53	0.37	0.62	0.97	0.63	0.13
2110000	0.74	144.03	0.53	0.32	0.75	0.99	0.59	0.14
2120000	0.74	138.88	0.45	0.44	0.61	0.99	0.67	0.06
2130000	0.74	142.75	0.51	0.43	0.72	0.97	0.67	0.06
2140000	0.74	144.96	0.59	0.35	0.69	0.98	0.61	0.14
2150000	0.73	138.37	0.47	0.34	0.65	0.96	0.64	0.13
2160000	0.73	148.94	0.55	0.39	0.72	0.98	0.68	0.19
2170000	0.73	140.28	0.42	0.41	0.71	0.97	0.61	0.14
2180000	0.73	140.45	0.46	0.38	0.66	0.96	0.62	0.16
2190000	0.73	140.94	0.51	0.33	0.59	0.99	0.63	0.17
2200000	0.73	142.52	0.48	0.30	0.72	0.98	0.69	0.12
2210000	0.73	140.1	0.49	0.39	0.61	0.98	0.63	0.11
2220000	0.73	141.42	0.42	0.41	0.73	0.99	0.64	0.11
2230000	0.72	143.82	0.54	0.30	0.76	0.98	0.64	0.12
2240000	0.72	138.78	0.48	0.31	0.66	0.95	0.68	0.09
2250000	0.72	140.96	0.51	0.33	0.68	0.98	0.63	0.13
2260000	0.72	142.82	0.56	0.39	0.74	0.96	0.62	0.05
2270000	0.72	145.67	0.57	0.37	0.65	0.97	0.66	0.15
2280000	0.72	142.25	0.49	0.39	0.73	0.97	0.66	0.07
2290000	0.72	140.67	0.46	0.37	0.71	0.95	0.63	0.11
2300000	0.72	149.28	0.62	0.38	0.61	1.00	0.65	0.22
2310000	0.71	144.83	0.54	0.35	0.67	0.98	0.73	0.11
2320000	0.71	140.59	0.48	0.32	0.76	0.99	0.62	0.08
2330000	0.71	150.03	0.62	0.33	0.71	0.99	0.75	0.18
2340000	0.71	149.32	0.61	0.32	0.71	0.99	0.70	0.19
2350000	0.71	141.77	0.48	0.36	0.62	1.00	0.73	0.12
2360000	0.71	136.6	0.42	0.25	0.73	0.99	0.63	0.09
2370000	0.71	140.24	0.50	0.35	0.64	0.96	0.63	0.11
2380000	0.71	146.1	0.55	0.36	0.72	0.96	0.69	0.12
2390000	0.70	145.4	0.51	0.38	0.73	0.99	0.59	0.17
2400000	0.70	143.44	0.48	0.32	0.72	1.00	0.68	0.16
2410000	0.70	142.64	0.52	0.34	0.69	0.99	0.69	0.06
2420000	0.70	141.29	0.55	0.29	0.69	1.00	0.66	0.09
2430000	0.70	144.51	0.55	0.31	0.76	0.98	0.63	0.11
2440000	0.70	143.85	0.57	0.28	0.73	0.96	0.63	0.15
2450000	0.70	143.31	0.53	0.31	0.65	1.00	0.70	0.12
2460000	0.70	140.73	0.48	0.33	0.67	0.96	0.69	0.12
2470000	0.69	148.25	0.57	0.34	0.68	0.98	0.73	0.18
2480000	0.69	143.37	0.44	0.34	0.73	1.00	0.65	0.21
2490000	0.69	144.08	0.56	0.38	0.67	0.99	0.59	0.11
2500000	0.69	145.69	0.53	0.39	0.76	0.98	0.60	0.13
2510000	0.69	144.52	0.47	0.36	0.73	0.97	0.67	0.15
2520000	0.69	145.9	0.51	0.41	0.63	0.97	0.72	0.16
2530000	0.69	147.23	0.62	0.29	0.71	0.98	0.64	0.17
2540000	0.69	141.38	0.45	0.37	0.72	1.00	0.63	0.14
2550000	0.68	145.84	0.53	0.34	0.79	0.99	0.63	0.15
2560000	0.68	143.35	0.55	0.30	0.73	0.99	0.61	0.15
2570000	0.68	144.2	0.54	0.38	0.70	0.98	0.61	0.14
2580000	0.68	141.23	0.51	0.30	0.70	0.98	0.65	0.08
2590000	0.68	148.05	0.55	0.33	0.73	1.00	0.73	0.10
2600000	0.68	143.21	0.51	0.31	0.67	0.99	0.70	0.11
2610000	0.68	144.16	0.51	0.33	0.71	0.99	0.66	0.13
2620000	0.68	144.03	0.53	0.24	0.75	1.00	0.69	0.13
2630000	0.67	144.04	0.49	0.41	0.65	0.99	0.68	0.15
2640000	0.67	143.75	0.50	0.32	0.75	0.96	0.67	0.13
2650000	0.67	139.97	0.45	0.38	0.65	0.97	0.63	0.17
2660000	0.67	139.31	0.48	0.26	0.72	0.99	0.57	0.13
2670000	0.67	141.2	0.51	0.34	0.62	0.92	0.69	0.14
2680000	0.67	143.87	0.50	0.35	0.69	0.99	0.67	0.20
2690000	0.67	139.83	0.54	0.37	0.67	0.98	0.47	0.13
2700000	0.67	144.34	0.52	0.35	0.73	0.99	0.68	0.11
2710000	0.66	143.37	0.50	0.27	0.77	0.98	0.64	0.18
2720000	0.66	142.85	0.49	0.35	0.66	0.97	0.65	0.21
2730000	0.66	146.47	0.55	0.42	0.70	0.96	0.70	0.10
2740000	0.66	141.26	0.49	0.35	0.73	1.00	0.63	0.08
2750000	0.66	146.65	0.55	0.27	0.84	0.99	0.68	0.10
2760000	0.66	144.72	0.57	0.34	0.69	0.96	0.63	0.15
2770000	0.66	143.66	0.52	0.36	0.66	0.93	0.70	0.15
2780000	0.66	143.73	0.56	0.30	0.67	0.99	0.64	0.16
2790000	0.65	141.44	0.45	0.40	0.72	0.99	0.64	0.10
2800000	0.65	143.9	0.46	0.36	0.75	0.98	0.59	0.20
2810000	0.65	140.45	0.49	0.28	0.71	0.99	0.68	0.11
2820000	0.65	138.81	0.51	0.30	0.62	0.96	0.59	0.16
2830000	0.65	143.48	0.52	0.33	0.72	1.00	0.60	0.15
2840000	0.65	140.21	0.54	0.23	0.72	0.97	0.60	0.13
2850000	0.65	137.68	0.41	0.38	0.71	0.99	0.55	0.13
2860000	0.65	143.07	0.54	0.30	0.65	1.00	0.65	0.19
2870000	0.64	143.23	0.55	0.31	0.78	0.96	0.58	0.11
2880000	0.64	145.25	0.59	0.32	0.73	0.98	0.57	0.19
2890000	0.64	139.72	0.52	0.40	0.67	0.96	0.50	0.12
2900000	0.64	141.35	0.50	0.38	0.72	0.97	0.54	0.11
2910000	0.64	145.33	0.57	0.36	0.68	1.00	0.65	0.13
2920000	0.64	145.13	0.61	0.32	0.71	0.99	0.61	0.11
2930000	0.64	148.04	0.56	0.39	0.76	0.97	0.66	0.13
2940000	0.64	139.96	0.52	0.29	0.67	0.97	0.62	0.12
2950000	0.63	140.22	0.55	0.33	0.64	0.97	0.63	0.09
2960000	0.63	144.31	0.52	0.43	0.69	0.99	0.66	0.07
2970000	0.63	143.87	0.50	0.34	0.65	0.99	0.66	0.22
2980000	0.63	144.77	0.51	0.34	0.70	1.00	0.66	0.15
2990000	0.63	141.57	0.51	0.33	0.72	0.98	0.56	0.16
3000000	0.63	142.08	0.45	0.36	0.70	0.99	0.64	0.16
3010000	0.63	145.1	0.54	0.38	0.69	0.99	0.65	0.12
3020000	0.63	144.37	0.49	0.40	0.72	1.00	0.68	0.10
3030000	0.62	135.55	0.38	0.32	0.66	0.97	0.63	0.14
3040000	0.62	143.57	0.50	0.28	0.71	0.99	0.68	0.16
3050000	0.62	137.7	0.45	0.28	0.63	0.99	0.63	0.17
3060000	0.62	149.85	0.54	0.36	0.67	1.00	0.75	0.21
3070000	0.62	145.39	0.55	0.36	0.67	0.99	0.62	0.15
3080000	0.62	143.56	0.56	0.42	0.67	0.98	0.58	0.11
3090000	0.62	142.14	0.54	0.34	0.65	0.99	0.64	0.11
3100000	0.62	145.59	0.58	0.39	0.65	0.98	0.62	0.16
3110000	0.62	142.62	0.53	0.37	0.62	0.98	0.62	0.14
3120000	0.61	143.39	0.56	0.31	0.62	0.98	0.68	0.13
3130000	0.61	147.09	0.57	0.39	0.71	0.97	0.61	0.17
3140000	0.61	144.69	0.54	0.36	0.71	0.99	0.63	0.15
3150000	0.61	142.95	0.45	0.39	0.71	0.99	0.65	0.14
3160000	0.61	146.95	0.58	0.35	0.78	0.99	0.54	0.16
3170000	0.61	143.38	0.56	0.26	0.69	0.97	0.72	0.10
3180000	0.61	142.86	0.53	0.32	0.69	1.00	0.63	0.11
3190000	0.61	142.68	0.48	0.31	0.68	0.95	0.68	0.17
3200000	0.60	142.08	0.56	0.27	0.74	0.98	0.62	0.09
3210000	0.60	143.54	0.61	0.26	0.70	0.98	0.53	0.17
3220000	0.60	143.9	0.51	0.42	0.74	0.98	0.66	0.08
3230000	0.60	143.83	0.54	0.33	0.66	1.00	0.68	0.13
3240000	0.60	151.47	0.58	0.44	0.67	0.98	0.73	0.17
3250000	0.60	147.38	0.66	0.38	0.66	0.99	0.65	0.06
3260000	0.60	144.8	0.54	0.34	0.70	1.00	0.63	0.16
3270000	0.60	139.42	0.50	0.30	0.66	0.97	0.64	0.09
3280000	0.59	144.28	0.51	0.31	0.77	1.00	0.61	0.16
3290000	0.59	141.13	0.50	0.42	0.69	1.00	0.54	0.12
3300000	0.59	148.22	0.55	0.34	0.80	0.97	0.61	0.20
3310000	0.59	144.31	0.54	0.33	0.65	0.98	0.66	0.15
3320000	0.59	146.38	0.60	0.38	0.66	0.98	0.60	0.15
3330000	0.59	144.8	0.58	0.29	0.70	0.99	0.67	0.15
3340000	0.59	148.7	0.58	0.37	0.76	0.99	0.70	0.17
3350000	0.59	146.84	0.57	0.39	0.68	0.97	0.65	0.16
3360000	0.58	141.15	0.47	0.31	0.72	0.98	0.62	0.14
3370000	0.58	140.55	0.45	0.28	0.71	0.98	0.67	0.15
3380000	0.58	144.25	0.50	0.30	0.68	1.00	0.70	0.16
3390000	0.58	149.39	0.66	0.37	0.66	0.98	0.64	0.20
3400000	0.58	145.63	0.53	0.38	0.72	1.00	0.67	0.09
3410000	0.58	143.42	0.57	0.27	0.69	1.00	0.64	0.12
3420000	0.58	140.95	0.54	0.36	0.60	0.99	0.62	0.13
3430000	0.58	150.04	0.63	0.44	0.64	1.00	0.64	0.16
3440000	0.57	146.84	0.50	0.35	0.77	0.99	0.61	0.19
3450000	0.57	141.88	0.56	0.34	0.72	0.98	0.54	0.09
3460000	0.57	143.74	0.50	0.34	0.70	0.97	0.68	0.15
3470000	0.57	143.11	0.55	0.28	0.67	0.99	0.69	0.14
3480000	0.57	142.99	0.57	0.27	0.77	0.98	0.61	0.11
3490000	0.57	141.31	0.49	0.31	0.78	0.98	0.61	0.10
3500000	0.57	150.44	0.64	0.29	0.70	1.00	0.71	0.17
3510000	0.57	144.44	0.52	0.35	0.75	1.00	0.64	0.10
3520000	0.56	143.31	0.49	0.36	0.72	0.99	0.63	0.14
3530000	0.56	144.9	0.50	0.45	0.77	0.95	0.56	0.16
3540000	0.56	144.97	0.48	0.34	0.70	1.00	0.74	0.14
3550000	0.56	142.14	0.52	0.26	0.70	1.00	0.61	0.18
3560000	0.56	143.86	0.52	0.31	0.70	0.99	0.63	0.15
3570000	0.56	144.67	0.56	0.36	0.74	0.99	0.56	0.13
3580000	0.56	146.51	0.55	0.36	0.77	0.99	0.64	0.11
3590000	0.56	148.12	0.61	0.34	0.69	0.98	0.63	0.17
3600000	0.55	141.75	0.53	0.28	0.70	1.00	0.60	0.13
3610000	0.55	144.3	0.57	0.32	0.74	0.97	0.62	0.08
3620000	0.55	148.68	0.60	0.31	0.67	0.99	0.71	0.18
3630000	0.55	144.78	0.50	0.39	0.69	0.97	0.65	0.19
3640000	0.55	138.61	0.43	0.32	0.69	1.00	0.65	0.12
3650000	0.55	140.79	0.52	0.31	0.70	1.00	0.64	0.07
3660000	0.55	149.66	0.61	0.38	0.71	0.99	0.69	0.11
3670000	0.55	148.7	0.69	0.41	0.73	0.99	0.57	0.07
3680000	0.54	142.24	0.52	0.28	0.71	0.96	0.64	0.13
3690000	0.54	147.01	0.60	0.24	0.76	0.97	0.66	0.16
3700000	0.54	146.9	0.58	0.32	0.76	0.99	0.68	0.12
3710000	0.54	141.25	0.51	0.28	0.69	0.98	0.57	0.17
3720000	0.54	142.77	0.51	0.29	0.72	0.99	0.70	0.10
3730000	0.54	146.07	0.60	0.35	0.74	0.99	0.60	0.13
3740000	0.54	149.05	0.56	0.31	0.83	0.99	0.62	0.16
3750000	0.54	148.65	0.56	0.34	0.73	1.00	0.73	0.15
3760000	0.53	143.84	0.55	0.34	0.66	0.97	0.61	0.16
3770000	0.53	146.9	0.62	0.35	0.63	0.99	0.67	0.14
3780000	0.53	146.89	0.54	0.38	0.74	0.98	0.71	0.11
3790000	0.53	148.22	0.51	0.37	0.79	0.98	0.68	0.15
3800000	0.53	148.48	0.65	0.34	0.74	0.97	0.65	0.11
3810000	0.53	145.15	0.57	0.34	0.65	1.00	0.68	0.10
3820000	0.53	142.66	0.54	0.36	0.67	0.99	0.61	0.14
3830000	0.53	146.54	0.54	0.41	0.74	0.98	0.65	0.15
3840000	0.52	147.62	0.62	0.36	0.76	1.00	0.58	0.14
3850000	0.52	139.96	0.46	0.34	0.70	0.99	0.59	0.15
3860000	0.52	143.62	0.50	0.30	0.79	1.00	0.62	0.11
3870000	0.52	146.0	0.57	0.37	0.71	0.99	0.65	0.14
3880000	0.52	147.71	0.54	0.45	0.68	0.98	0.64	0.15
3890000	0.52	146.31	0.54	0.30	0.80	0.99	0.70	0.13
3900000	0.52	148.39	0.56	0.40	0.76	0.99	0.68	0.11
3910000	0.52	147.77	0.61	0.35	0.70	0.95	0.69	0.16
3920000	0.51	144.77	0.54	0.28	0.67	0.98	0.64	0.21
3930000	0.51	144.43	0.54	0.37	0.68	0.98	0.72	0.09
3940000	0.51	148.96	0.60	0.38	0.71	1.00	0.65	0.16
3950000	0.51	149.76	0.54	0.35	0.78	1.00	0.69	0.19
3960000	0.51	147.98	0.51	0.42	0.70	0.99	0.72	0.17
3970000	0.51	143.01	0.52	0.35	0.64	0.98	0.68	0.13
3980000	0.51	149.82	0.61	0.34	0.75	0.99	0.67	0.18
3990000	0.51	143.03	0.45	0.27	0.70	0.99	0.64	0.26
4000000	0.50	145.88	0.49	0.38	0.77	0.97	0.66	0.13
4010000	0.50	144.89	0.54	0.36	0.65	0.98	0.58	0.23
4020000	0.50	142.91	0.55	0.33	0.66	0.99	0.64	0.12
4030000	0.50	144.84	0.51	0.34	0.77	1.00	0.65	0.14
4040000	0.50	147.96	0.54	0.41	0.75	0.98	0.68	0.15
4050000	0.50	146.48	0.56	0.38	0.74	0.97	0.70	0.07
4060000	0.50	145.64	0.55	0.29	0.73	1.00	0.73	0.12
4070000	0.50	142.02	0.44	0.37	0.72	0.98	0.61	0.20
4080000	0.50	142.82	0.53	0.24	0.72	0.98	0.69	0.13
4090000	0.49	145.87	0.56	0.31	0.74	0.97	0.66	0.15
4100000	0.49	146.78	0.54	0.36	0.76	0.97	0.68	0.13
4110000	0.49	143.82	0.47	0.34	0.66	0.97	0.67	0.24
4120000	0.49	146.86	0.51	0.38	0.72	0.99	0.70	0.13
4130000	0.49	143.42	0.57	0.28	0.70	0.97	0.70	0.11
4140000	0.49	150.01	0.65	0.35	0.72	0.98	0.67	0.13
4150000	0.49	146.75	0.58	0.41	0.70	1.00	0.58	0.13
4160000	0.49	138.91	0.42	0.33	0.68	1.00	0.60	0.14
4170000	0.48	144.49	0.46	0.46	0.64	1.00	0.76	0.10
4180000	0.48	145.37	0.57	0.38	0.64	0.98	0.67	0.17
4190000	0.48	145.29	0.49	0.37	0.77	0.98	0.69	0.11
4200000	0.48	148.5	0.60	0.37	0.70	0.99	0.69	0.14
4210000	0.48	146.39	0.61	0.38	0.70	0.99	0.59	0.12
4220000	0.48	145.58	0.53	0.35	0.74	0.99	0.65	0.11
4230000	0.48	148.83	0.53	0.41	0.73	0.99	0.67	0.21
4240000	0.48	140.08	0.48	0.33	0.64	0.99	0.65	0.13
4250000	0.47	145.57	0.58	0.41	0.67	0.98	0.67	0.10
4260000	0.47	148.91	0.64	0.35	0.71	0.99	0.66	0.13
4270000	0.47	150.53	0.63	0.34	0.75	0.96	0.76	0.13
4280000	0.47	142.02	0.50	0.37	0.73	0.95	0.64	0.12
4290000	0.47	147.73	0.58	0.38	0.69	0.98	0.69	0.13
4300000	0.47	146.62	0.56	0.33	0.73	0.99	0.61	0.16
4310000	0.47	145.43	0.56	0.34	0.73	0.94	0.63	0.17
4320000	0.47	150.4	0.63	0.32	0.73	1.00	0.70	0.19
4330000	0.46	146.74	0.53	0.33	0.77	0.96	0.71	0.12
4340000	0.46	147.46	0.58	0.40	0.68	1.00	0.61	0.16
4350000	0.46	149.2	0.59	0.37	0.72	1.00	0.60	0.19
4360000	0.46	143.84	0.55	0.37	0.65	1.00	0.66	0.09
4370000	0.46	141.91	0.50	0.40	0.71	0.98	0.63	0.06
4380000	0.46	148.0	0.56	0.36	0.75	1.00	0.65	0.14
4390000	0.46	148.79	0.51	0.43	0.78	0.99	0.69	0.13
4400000	0.46	147.15	0.59	0.39	0.65	0.98	0.70	0.14
4410000	0.45	150.13	0.64	0.40	0.79	0.98	0.59	0.12
4420000	0.45	147.87	0.58	0.38	0.68	0.99	0.67	0.14
4430000	0.45	149.44	0.56	0.36	0.75	0.98	0.66	0.19
4440000	0.45	147.85	0.56	0.34	0.69	1.00	0.71	0.18
4450000	0.45	152.91	0.67	0.38	0.72	0.95	0.75	0.14
4460000	0.45	146.59	0.48	0.43	0.76	0.97	0.67	0.17
4470000	0.45	143.55	0.52	0.31	0.70	0.98	0.69	0.14
4480000	0.45	138.9	0.52	0.32	0.62	0.98	0.63	0.09
4490000	0.44	144.29	0.49	0.35	0.78	0.99	0.69	0.10
4500000	0.44	145.05	0.55	0.26	0.70	0.99	0.67	0.18
4510000	0.44	143.0	0.50	0.28	0.76	0.98	0.58	0.19
4520000	0.44	144.35	0.54	0.31	0.70	0.98	0.62	0.18
4530000	0.44	144.53	0.53	0.31	0.73	0.98	0.67	0.17
4540000	0.44	150.64	0.52	0.35	0.80	0.98	0.70	0.24
4550000	0.44	147.92	0.53	0.33	0.76	0.97	0.74	0.13
4560000	0.44	146.23	0.59	0.37	0.75	0.98	0.64	0.10
4570000	0.43	144.6	0.58	0.32	0.66	0.95	0.64	0.16
4580000	0.43	147.12	0.48	0.40	0.79	0.99	0.64	0.16
4590000	0.43	144.19	0.54	0.34	0.71	0.98	0.61	0.15
4600000	0.43	151.36	0.63	0.38	0.75	1.00	0.67	0.14
4610000	0.43	150.28	0.52	0.40	0.81	0.99	0.74	0.12
4620000	0.43	143.18	0.49	0.41	0.73	0.99	0.60	0.11
4630000	0.43	145.87	0.58	0.34	0.67	0.96	0.68	0.16
4640000	0.43	148.01	0.59	0.35	0.69	1.00	0.68	0.13
4650000	0.42	147.06	0.56	0.38	0.72	0.99	0.64	0.14
4660000	0.42	147.24	0.61	0.30	0.75	0.97	0.55	0.21
4670000	0.42	151.77	0.59	0.41	0.72	0.98	0.69	0.21
4680000	0.42	142.9	0.48	0.31	0.72	1.00	0.69	0.12
4690000	0.42	147.99	0.54	0.38	0.74	1.00	0.70	0.14
4700000	0.42	149.63	0.63	0.36	0.73	1.00	0.65	0.15
4710000	0.42	145.39	0.59	0.34	0.78	0.99	0.58	0.09
4720000	0.42	147.96	0.61	0.33	0.76	0.98	0.63	0.15
4730000	0.41	147.79	0.56	0.31	0.77	0.99	0.68	0.14
4740000	0.41	149.89	0.61	0.38	0.72	0.96	0.66	0.17
4750000	0.41	147.18	0.57	0.32	0.67	0.97	0.71	0.16
4760000	0.41	147.75	0.51	0.37	0.73	0.99	0.72	0.16
4770000	0.41	147.39	0.59	0.30	0.71	0.98	0.70	0.14
4780000	0.41	149.2	0.53	0.40	0.77	0.99	0.74	0.12
4790000	0.41	151.24	0.59	0.37	0.77	0.99	0.66	0.16
4800000	0.41	144.93	0.54	0.41	0.69	0.99	0.64	0.11
4810000	0.40	141.89	0.50	0.31	0.71	0.96	0.57	0.20
4820000	0.40	146.06	0.57	0.31	0.71	0.99	0.71	0.12
4830000	0.40	143.93	0.44	0.36	0.70	0.98	0.76	0.15
4840000	0.40	145.74	0.51	0.40	0.70	0.97	0.70	0.13
4850000	0.40	142.43	0.56	0.29	0.76	1.00	0.49	0.16
4860000	0.40	148.19	0.55	0.33	0.75	0.99	0.65	0.21
4870000	0.40	148.38	0.58	0.37	0.66	0.99	0.67	0.19
4880000	0.40	148.18	0.63	0.36	0.75	1.00	0.54	0.16
4890000	0.39	144.25	0.55	0.33	0.65	0.97	0.63	0.18
4900000	0.39	147.32	0.55	0.38	0.71	0.99	0.70	0.12
4910000	0.39	142.66	0.48	0.25	0.70	1.00	0.68	0.21
4920000	0.39	153.06	0.64	0.40	0.74	1.00	0.65	0.20
4930000	0.39	147.8	0.51	0.44	0.73	1.00	0.63	0.19
4940000	0.39	148.2	0.58	0.30	0.75	0.97	0.69	0.15
4950000	0.39	146.76	0.60	0.30	0.74	1.00	0.59	0.17
4960000	0.39	148.53	0.58	0.37	0.81	0.98	0.65	0.09
4970000	0.38	145.16	0.57	0.38	0.71	0.98	0.60	0.14
4980000	0.38	143.05	0.50	0.39	0.65	0.99	0.58	0.20
4990000	0.38	149.72	0.55	0.35	0.79	0.99	0.74	0.13
5000000	0.38	146.0	0.60	0.27	0.70	1.00	0.64	0.17
5010000	0.38	142.85	0.50	0.37	0.67	0.97	0.62	0.17
5020000	0.38	144.89	0.52	0.32	0.70	0.99	0.67	0.14
5030000	0.38	150.34	0.56	0.31	0.81	1.00	0.70	0.17
5040000	0.38	147.18	0.59	0.31	0.79	0.97	0.65	0.13
5050000	0.37	147.03	0.54	0.37	0.73	1.00	0.68	0.17
5060000	0.37	142.85	0.50	0.33	0.70	0.99	0.68	0.12
5070000	0.37	144.27	0.58	0.33	0.69	0.98	0.57	0.16
5080000	0.37	146.52	0.55	0.32	0.78	0.98	0.63	0.16
5090000	0.37	147.22	0.58	0.31	0.74	0.96	0.68	0.16
5100000	0.37	146.84	0.56	0.33	0.75	1.00	0.68	0.13
5110000	0.37	148.59	0.50	0.47	0.85	0.95	0.59	0.15
5120000	0.37	145.21	0.54	0.35	0.76	0.98	0.61	0.17
5130000	0.37	145.03	0.56	0.35	0.69	0.98	0.63	0.12
5140000	0.36	145.2	0.55	0.36	0.67	1.00	0.64	0.14
5150000	0.36	144.59	0.55	0.35	0.66	0.98	0.73	0.08
5160000	0.36	147.11	0.54	0.35	0.68	1.00	0.68	0.17
5170000	0.36	152.81	0.62	0.40	0.73	1.00	0.78	0.10
5180000	0.36	147.24	0.59	0.40	0.73	0.98	0.61	0.11
5190000	0.36	152.95	0.59	0.37	0.81	0.98	0.74	0.15
5200000	0.36	149.79	0.55	0.42	0.75	0.99	0.73	0.10
5210000	0.36	145.91	0.52	0.32	0.68	1.00	0.70	0.15
5220000	0.35	148.92	0.56	0.34	0.75	0.98	0.72	0.16
5230000	0.35	146.45	0.55	0.37	0.67	0.98	0.64	0.19
5240000	0.35	150.36	0.57	0.35	0.73	0.99	0.73	0.18
5250000	0.35	145.79	0.65	0.34	0.72	0.98	0.51	0.12
5260000	0.35	146.89	0.52	0.32	0.78	0.98	0.62	0.23
5270000	0.35	147.36	0.58	0.40	0.77	0.99	0.65	0.08
5280000	0.35	150.57	0.60	0.29	0.71	1.00	0.72	0.22
5290000	0.35	148.91	0.60	0.34	0.74	0.98	0.69	0.12
5300000	0.34	140.98	0.52	0.40	0.65	1.00	0.53	0.12
5310000	0.34	147.05	0.56	0.41	0.68	0.98	0.65	0.12
5320000	0.34	147.6	0.62	0.35	0.72	0.99	0.68	0.08
5330000	0.34	144.6	0.50	0.42	0.68	0.98	0.63	0.14
5340000	0.34	147.28	0.60	0.38	0.68	0.99	0.58	0.15
5350000	0.34	149.34	0.64	0.27	0.74	0.98	0.66	0.19
5360000	0.34	146.6	0.55	0.39	0.71	0.99	0.63	0.18
5370000	0.34	151.85	0.59	0.41	0.70	0.98	0.73	0.17
5380000	0.33	144.71	0.55	0.24	0.76	1.00	0.64	0.15
5390000	0.33	143.16	0.56	0.33	0.64	1.00	0.59	0.14
5400000	0.33	145.95	0.60	0.29	0.71	1.00	0.63	0.13
5410000	0.33	149.22	0.56	0.41	0.66	0.98	0.67	0.23
5420000	0.33	150.93	0.63	0.41	0.72	0.99	0.66	0.17
5430000	0.33	148.85	0.59	0.33	0.70	0.99	0.76	0.15
5440000	0.33	148.9	0.63	0.41	0.69	0.97	0.66	0.14
5450000	0.33	147.47	0.55	0.34	0.76	1.00	0.68	0.13
5460000	0.32	145.7	0.56	0.37	0.63	0.97	0.66	0.17
5470000	0.32	143.17	0.51	0.31	0.72	0.99	0.62	0.16
5480000	0.32	152.26	0.71	0.36	0.73	0.98	0.63	0.15
5490000	0.32	145.28	0.52	0.36	0.69	0.99	0.73	0.12
5500000	0.32	152.96	0.66	0.41	0.72	1.00	0.65	0.18
5510000	0.32	145.82	0.49	0.34	0.73	0.98	0.66	0.20
5520000	0.32	146.48	0.61	0.34	0.67	0.98	0.72	0.07
5530000	0.32	142.35	0.46	0.35	0.74	0.98	0.60	0.18
5540000	0.31	149.4	0.59	0.40	0.75	0.97	0.69	0.13
5550000	0.31	145.99	0.52	0.39	0.78	1.00	0.59	0.11
5560000	0.31	142.83	0.50	0.35	0.76	0.99	0.64	0.11
5570000	0.31	154.36	0.64	0.41	0.81	1.00	0.63	0.19
5580000	0.31	147.95	0.59	0.35	0.76	0.98	0.67	0.09
5590000	0.31	146.84	0.58	0.31	0.69	1.00	0.68	0.16
5600000	0.31	147.91	0.55	0.32	0.70	1.00	0.59	0.28
5610000	0.31	147.06	0.53	0.33	0.76	1.00	0.63	0.16
5620000	0.30	153.19	0.61	0.33	0.76	1.00	0.73	0.16
5630000	0.30	147.64	0.53	0.34	0.75	1.00	0.70	0.12
5640000	0.30	151.07	0.72	0.27	0.75	0.99	0.62	0.13
5650000	0.30	143.96	0.53	0.27	0.73	0.99	0.70	0.14
5660000	0.30	144.65	0.57	0.21	0.62	1.00	0.78	0.12
5670000	0.30	149.28	0.57	0.40	0.72	0.97	0.71	0.15
5680000	0.30	146.32	0.56	0.41	0.71	0.99	0.65	0.12
5690000	0.30	148.08	0.52	0.33	0.79	0.98	0.67	0.18
5700000	0.29	151.46	0.67	0.41	0.74	0.99	0.64	0.11
5710000	0.29	148.11	0.59	0.33	0.73	1.00	0.58	0.21
5720000	0.29	150.28	0.57	0.35	0.70	0.99	0.67	0.25
5730000	0.29	148.67	0.61	0.28	0.73	1.00	0.64	0.18
5740000	0.29	145.05	0.57	0.29	0.73	0.99	0.62	0.15
5750000	0.29	148.45	0.56	0.38	0.73	1.00	0.65	0.16
5760000	0.29	147.53	0.56	0.40	0.72	0.99	0.64	0.15
5770000	0.29	151.19	0.60	0.39	0.72	0.99	0.70	0.17
5780000	0.28	147.39	0.58	0.38	0.70	0.99	0.62	0.17
5790000	0.28	148.35	0.55	0.32	0.76	1.00	0.67	0.20
5800000	0.28	149.85	0.60	0.40	0.76	0.96	0.73	0.11
5810000	0.28	146.82	0.58	0.33	0.71	1.00	0.71	0.10
5820000	0.28	143.26	0.48	0.33	0.75	0.97	0.72	0.10
5830000	0.28	151.9	0.65	0.37	0.75	0.98	0.69	0.14
5840000	0.28	145.34	0.56	0.30	0.77	0.98	0.65	0.13
5850000	0.28	150.71	0.62	0.36	0.70	0.98	0.73	0.18
5860000	0.27	151.28	0.56	0.43	0.80	0.99	0.60	0.20
5870000	0.27	149.67	0.56	0.37	0.77	0.99	0.68	0.16
5880000	0.27	148.04	0.60	0.38	0.75	0.99	0.61	0.13
5890000	0.27	148.76	0.61	0.39	0.74	0.98	0.58	0.17
5900000	0.27	147.31	0.62	0.27	0.71	1.00	0.65	0.14
5910000	0.27	147.55	0.54	0.37	0.70	1.00	0.71	0.15
5920000	0.27	150.49	0.59	0.34	0.73	1.00	0.70	0.19
5930000	0.27	148.93	0.61	0.42	0.71	0.99	0.61	0.14
5940000	0.26	145.84	0.59	0.27	0.71	1.00	0.66	0.13
5950000	0.26	152.77	0.65	0.34	0.75	0.99	0.75	0.15
5960000	0.26	145.46	0.52	0.29	0.70	0.99	0.67	0.20
5970000	0.26	148.22	0.61	0.35	0.75	0.98	0.64	0.12
5980000	0.26	149.2	0.58	0.41	0.76	0.99	0.63	0.13
5990000	0.26	150.67	0.62	0.38	0.74	0.98	0.60	0.18
6000000	0.26	151.72	0.59	0.33	0.80	1.00	0.74	0.15
6010000	0.26	147.22	0.50	0.43	0.70	1.00	0.67	0.16
6020000	0.25	147.6	0.58	0.38	0.70	1.00	0.66	0.14
6030000	0.25	152.53	0.62	0.46	0.68	1.00	0.60	0.21
6040000	0.25	145.3	0.57	0.37	0.71	0.98	0.62	0.13
6050000	0.25	142.62	0.54	0.38	0.68	0.97	0.61	0.10
6060000	0.25	150.02	0.62	0.38	0.66	0.99	0.71	0.18
6070000	0.25	148.0	0.58	0.41	0.68	0.99	0.66	0.13
6080000	0.25	147.53	0.55	0.32	0.72	1.00	0.63	0.20
6090000	0.25	148.31	0.64	0.40	0.70	0.97	0.68	0.07
6100000	0.25	151.67	0.58	0.35	0.82	0.97	0.61	0.20
6110000	0.24	145.85	0.56	0.38	0.70	0.99	0.66	0.12
6120000	0.24	148.41	0.65	0.32	0.73	1.00	0.67	0.10
6130000	0.24	148.14	0.61	0.39	0.66	0.96	0.65	0.16
6140000	0.24	151.36	0.63	0.42	0.68	0.99	0.70	0.13
6150000	0.24	147.43	0.63	0.28	0.74	1.00	0.63	0.13
6160000	0.24	150.92	0.59	0.38	0.71	1.00	0.66	0.22
6170000	0.24	145.12	0.48	0.40	0.71	0.99	0.66	0.17
6180000	0.24	148.2	0.54	0.39	0.70	0.99	0.72	0.16
6190000	0.23	148.37	0.59	0.32	0.74	1.00	0.58	0.19
6200000	0.23	147.4	0.64	0.26	0.74	1.00	0.67	0.10
6210000	0.23	147.35	0.52	0.41	0.73	0.96	0.70	0.15
6220000	0.23	150.35	0.63	0.32	0.73	0.98	0.70	0.18
6230000	0.23	145.86	0.54	0.33	0.64	0.99	0.73	0.16
6240000	0.23	145.98	0.61	0.31	0.69	1.00	0.62	0.12
6250000	0.23	149.2	0.56	0.38	0.72	0.99	0.70	0.17
6260000	0.23	155.18	0.67	0.33	0.83	0.99	0.71	0.14
6270000	0.22	150.1	0.53	0.41	0.73	0.99	0.74	0.16
6280000	0.22	145.19	0.54	0.30	0.74	0.99	0.66	0.13
6290000	0.22	147.1	0.56	0.38	0.75	1.00	0.68	0.10
6300000	0.22	145.86	0.53	0.42	0.68	1.00	0.62	0.14
6310000	0.22	148.63	0.60	0.40	0.69	0.99	0.68	0.12
6320000	0.22	150.57	0.60	0.37	0.75	0.98	0.67	0.18
6330000	0.22	155.61	0.64	0.35	0.71	1.00	0.72	0.24
6340000	0.22	150.42	0.60	0.38	0.79	0.99	0.68	0.11
6350000	0.21	151.52	0.63	0.42	0.75	0.98	0.69	0.10
6360000	0.21	148.63	0.62	0.32	0.71	0.98	0.70	0.14
6370000	0.21	148.75	0.53	0.39	0.75	0.99	0.71	0.15
6380000	0.21	149.83	0.59	0.39	0.78	1.00	0.60	0.16
6390000	0.21	152.03	0.62	0.37	0.74	0.99	0.72	0.16
6400000	0.21	145.79	0.52	0.33	0.71	0.99	0.68	0.15
6410000	0.21	149.29	0.65	0.37	0.68	1.00	0.64	0.15
6420000	0.21	148.38	0.60	0.37	0.67	0.97	0.70	0.16
6430000	0.20	153.57	0.59	0.38	0.75	0.99	0.74	0.19
6440000	0.20	147.83	0.54	0.33	0.74	0.99	0.66	0.18
6450000	0.20	148.9	0.55	0.36	0.73	0.98	0.66	0.18
6460000	0.20	147.86	0.54	0.37	0.73	1.00	0.60	0.18
6470000	0.20	149.73	0.60	0.38	0.73	1.00	0.65	0.15
6480000	0.20	152.11	0.58	0.42	0.70	1.00	0.72	0.19
6490000	0.20	143.62	0.53	0.27	0.71	0.98	0.68	0.16
6500000	0.20	150.93	0.62	0.36	0.82	0.99	0.69	0.10
6510000	0.19	146.15	0.57	0.25	0.68	0.99	0.70	0.17
6520000	0.19	146.81	0.56	0.34	0.77	1.00	0.57	0.19
6530000	0.19	152.34	0.65	0.35	0.74	0.98	0.72	0.15
6540000	0.19	148.97	0.62	0.35	0.74	1.00	0.67	0.12
6550000	0.19	147.67	0.57	0.29	0.75	0.99	0.69	0.15
6560000	0.19	151.34	0.60	0.26	0.81	0.98	0.71	0.17
6570000	0.19	150.08	0.62	0.31	0.73	0.99	0.73	0.12
6580000	0.19	146.3	0.51	0.41	0.70	0.98	0.66	0.15
6590000	0.18	150.57	0.58	0.35	0.70	0.97	0.71	0.20
6600000	0.18	156.7	0.69	0.33	0.85	0.99	0.67	0.17
6610000	0.18	143.72	0.59	0.35	0.63	1.00	0.57	0.17
6620000	0.18	148.47	0.51	0.44	0.79	0.98	0.64	0.15
6630000	0.18	141.2	0.54	0.30	0.66	0.97	0.64	0.11
6640000	0.18	149.69	0.58	0.36	0.76	0.99	0.69	0.15
6650000	0.18	145.89	0.55	0.37	0.66	1.00	0.61	0.18
6660000	0.18	153.92	0.69	0.39	0.73	0.97	0.70	0.13
6670000	0.17	153.66	0.63	0.40	0.69	0.98	0.65	0.24
6680000	0.17	151.81	0.67	0.41	0.67	1.00	0.73	0.11
6690000	0.17	148.52	0.58	0.40	0.64	1.00	0.65	0.20
6700000	0.17	151.71	0.68	0.36	0.70	0.99	0.72	0.13
6710000	0.17	149.37	0.58	0.36	0.71	0.97	0.64	0.23
6720000	0.17	148.09	0.59	0.41	0.70	0.98	0.67	0.11
6730000	0.17	146.04	0.58	0.33	0.71	1.00	0.61	0.14
6740000	0.17	151.9	0.70	0.38	0.67	0.99	0.68	0.12
6750000	0.16	154.59	0.66	0.39	0.78	0.96	0.66	0.17
6760000	0.16	148.63	0.58	0.32	0.79	0.99	0.68	0.14
6770000	0.16	149.53	0.64	0.39	0.61	0.97	0.67	0.17
6780000	0.16	152.19	0.60	0.44	0.68	0.97	0.73	0.20
6790000	0.16	148.52	0.55	0.35	0.77	1.00	0.65	0.20
6800000	0.16	149.53	0.56	0.38	0.76	0.98	0.68	0.15
6810000	0.16	154.23	0.61	0.38	0.82	1.00	0.71	0.18
6820000	0.16	151.76	0.60	0.31	0.68	0.97	0.76	0.22
6830000	0.15	149.74	0.54	0.36	0.75	0.99	0.66	0.22
6840000	0.15	151.43	0.66	0.34	0.78	0.97	0.59	0.16
6850000	0.15	148.56	0.57	0.41	0.72	0.99	0.56	0.20
6860000	0.15	151.83	0.62	0.28	0.75	0.98	0.77	0.19
6870000	0.15	146.29	0.50	0.33	0.78	1.00	0.63	0.18
6880000	0.15	146.62	0.53	0.40	0.65	1.00	0.71	0.17
6890000	0.15	147.38	0.51	0.37	0.65	1.00	0.78	0.18
6900000	0.15	151.17	0.60	0.34	0.73	0.99	0.71	0.21
6910000	0.14	146.9	0.58	0.37	0.63	0.99	0.69	0.14
6920000	0.14	149.93	0.58	0.38	0.73	0.99	0.65	0.21
6930000	0.14	151.29	0.65	0.38	0.78	0.97	0.60	0.17
6940000	0.14	149.62	0.56	0.46	0.75	0.97	0.67	0.11
6950000	0.14	149.98	0.57	0.40	0.74	0.98	0.64	0.22
6960000	0.14	144.74	0.59	0.31	0.67	0.98	0.60	0.20
6970000	0.14	146.76	0.61	0.34	0.73	1.00	0.60	0.12
6980000	0.14	154.43	0.74	0.29	0.78	1.00	0.68	0.13
6990000	0.13	152.42	0.64	0.39	0.71	0.98	0.72	0.15
7000000	0.13	155.11	0.58	0.43	0.76	0.99	0.69	0.25
7010000	0.13	141.53	0.52	0.29	0.71	0.97	0.61	0.14
7020000	0.13	150.84	0.63	0.35	0.73	1.00	0.66	0.15
7030000	0.13	149.21	0.57	0.38	0.69	0.98	0.68	0.16
7040000	0.13	148.67	0.62	0.29	0.73	0.99	0.68	0.14
7050000	0.13	150.93	0.68	0.35	0.71	1.00	0.65	0.11
7060000	0.13	149.82	0.57	0.36	0.74	0.98	0.72	0.15
7070000	0.12	147.42	0.63	0.36	0.63	0.99	0.69	0.09
7080000	0.12	148.19	0.57	0.42	0.74	0.99	0.66	0.10
7090000	0.12	145.12	0.58	0.39	0.68	0.98	0.60	0.11
7100000	0.12	148.57	0.63	0.39	0.69	0.97	0.67	0.15
7110000	0.12	149.56	0.61	0.39	0.76	1.00	0.67	0.09
7120000	0.12	147.73	0.53	0.33	0.79	0.98	0.65	0.19
7130000	0.12	156.19	0.71	0.36	0.78	0.97	0.72	0.16
7140000	0.12	149.28	0.62	0.31	0.69	1.00	0.68	0.20
7150000	0.12	151.94	0.59	0.27	0.79	0.99	0.77	0.20
7160000	0.11	151.83	0.60	0.35	0.80	0.98	0.74	0.16
7170000	0.11	156.05	0.62	0.45	0.76	1.00	0.71	0.21
7180000	0.11	151.04	0.67	0.37	0.70	1.00	0.61	0.18
7190000	0.11	150.61	0.63	0.36	0.70	1.00	0.68	0.15
7200000	0.11	152.54	0.58	0.42	0.80	0.99	0.68	0.15
7210000	0.11	152.06	0.58	0.38	0.81	0.97	0.68	0.19
7220000	0.11	149.25	0.65	0.38	0.72	0.98	0.66	0.13
7230000	0.11	145.74	0.59	0.32	0.69	0.99	0.60	0.19
7240000	0.10	150.0	0.60	0.37	0.74	1.00	0.72	0.11
7250000	0.10	152.6	0.58	0.41	0.77	0.99	0.67	0.22
7260000	0.10	152.52	0.65	0.37	0.72	1.00	0.67	0.12
7270000	0.10	150.13	0.60	0.33	0.68	0.99	0.71	0.19
7280000	0.10	148.15	0.57	0.36	0.76	0.99	0.67	0.14
7290000	0.10	149.27	0.58	0.35	0.69	1.00	0.66	0.20
7300000	0.10	147.17	0.55	0.37	0.73	0.97	0.62	0.16
7310000	0.10	143.2	0.52	0.30	0.67	0.98	0.62	0.19
7320000	0.09	149.72	0.61	0.33	0.67	0.99	0.70	0.17
7330000	0.09	148.96	0.61	0.38	0.74	0.96	0.67	0.15
7340000	0.09	147.78	0.53	0.34	0.71	1.00	0.74	0.16
7350000	0.09	148.28	0.58	0.36	0.80	1.00	0.55	0.17
7360000	0.09	145.67	0.49	0.40	0.65	0.98	0.72	0.16
7370000	0.09	151.1	0.64	0.36	0.76	0.99	0.67	0.12
7380000	0.09	147.04	0.60	0.30	0.74	0.99	0.68	0.13
7390000	0.09	147.76	0.58	0.36	0.63	0.99	0.74	0.12
7400000	0.08	152.73	0.60	0.39	0.71	0.98	0.73	0.20
7410000	0.08	144.8	0.56	0.25	0.72	1.00	0.67	0.12
7420000	0.08	146.95	0.61	0.28	0.71	0.99	0.69	0.13
7430000	0.08	145.82	0.54	0.39	0.69	0.97	0.70	0.09
7440000	0.08	150.32	0.62	0.42	0.66	0.96	0.67	0.19
7450000	0.08	147.05	0.53	0.39	0.74	1.00	0.64	0.14
7460000	0.08	150.43	0.62	0.27	0.78	1.00	0.58	0.23
7470000	0.08	155.18	0.69	0.41	0.77	1.00	0.67	0.16
7480000	0.07	146.61	0.57	0.38	0.69	0.98	0.69	0.10
7490000	0.07	147.63	0.57	0.32	0.64	0.99	0.71	0.17
7500000	0.07	151.75	0.56	0.42	0.82	1.00	0.66	0.18
7510000	0.07	148.78	0.58	0.43	0.75	0.98	0.60	0.15
7520000	0.07	148.79	0.62	0.36	0.72	0.98	0.66	0.14
7530000	0.07	151.35	0.61	0.31	0.72	1.00	0.71	0.23
7540000	0.07	146.04	0.55	0.34	0.68	0.96	0.61	0.21
7550000	0.07	147.2	0.63	0.27	0.67	1.00	0.64	0.17
7560000	0.06	150.45	0.54	0.41	0.76	1.00	0.73	0.15
7570000	0.06	149.53	0.67	0.34	0.72	1.00	0.64	0.09
7580000	0.06	152.43	0.54	0.43	0.76	1.00	0.75	0.18
7590000	0.06	148.0	0.58	0.43	0.71	0.99	0.58	0.16
7600000	0.06	142.65	0.48	0.28	0.67	0.99	0.71	0.16
7610000	0.06	146.64	0.54	0.39	0.70	1.00	0.70	0.11
7620000	0.06	144.36	0.50	0.34	0.76	1.00	0.57	0.18
7630000	0.06	147.65	0.59	0.39	0.75	0.99	0.67	0.10
7640000	0.05	158.83	0.69	0.45	0.80	1.00	0.73	0.16
7650000	0.05	149.09	0.58	0.39	0.75	0.98	0.68	0.14
7660000	0.05	148.66	0.58	0.40	0.63	0.98	0.64	0.22
7670000	0.05	146.93	0.57	0.31	0.76	1.00	0.70	0.10
7680000	0.05	147.04	0.54	0.31	0.79	0.98	0.64	0.15
7690000	0.05	147.38	0.55	0.33	0.79	1.00	0.63	0.13
7700000	0.05	152.73	0.62	0.41	0.79	0.99	0.65	0.16
7710000	0.05	150.33	0.60	0.38	0.78	0.99	0.62	0.15
7720000	0.04	149.7	0.55	0.40	0.72	0.98	0.69	0.17
7730000	0.04	149.18	0.62	0.30	0.76	1.00	0.64	0.13
7740000	0.04	149.77	0.55	0.35	0.79	1.00	0.71	0.15
7750000	0.04	147.38	0.60	0.37	0.68	0.99	0.64	0.15
7760000	0.04	152.26	0.71	0.31	0.79	0.99	0.64	0.11
7770000	0.04	148.7	0.52	0.41	0.78	0.98	0.68	0.11
7780000	0.04	146.94	0.56	0.35	0.69	0.99	0.63	0.20
7790000	0.04	145.46	0.55	0.40	0.68	0.98	0.60	0.13
7800000	0.03	151.53	0.66	0.35	0.75	0.98	0.70	0.12
7810000	0.03	149.97	0.64	0.38	0.70	1.00	0.67	0.14
7820000	0.03	147.34	0.53	0.30	0.74	0.99	0.64	0.19
7830000	0.03	154.63	0.63	0.36	0.80	0.99	0.75	0.15
7840000	0.03	148.78	0.56	0.37	0.79	0.98	0.70	0.10
7850000	0.03	151.27	0.60	0.36	0.73	0.97	0.71	0.17
7860000	0.03	153.79	0.57	0.40	0.74	1.00	0.74	0.20
7870000	0.03	151.88	0.60	0.40	0.68	1.00	0.68	0.24
7880000	0.02	147.79	0.61	0.33	0.71	0.99	0.64	0.15
7890000	0.02	151.02	0.59	0.40	0.77	0.97	0.69	0.17
7900000	0.02	146.28	0.60	0.33	0.66	0.99	0.58	0.21
7910000	0.02	150.76	0.61	0.42	0.76	0.99	0.63	0.13
7920000	0.02	151.17	0.57	0.39	0.72	0.98	0.68	0.20
7930000	0.02	151.74	0.58	0.46	0.72	0.99	0.70	0.14
7940000	0.02	149.43	0.56	0.42	0.67	0.99	0.70	0.16
7950000	0.02	149.64	0.61	0.31	0.73	1.00	0.68	0.18
7960000	0.01	151.06	0.66	0.35	0.78	1.00	0.64	0.13
7970000	0.01	145.91	0.55	0.32	0.76	0.99	0.63	0.13
7980000	0.01	147.71	0.57	0.39	0.77	0.99	0.65	0.10
7990000	0.01	154.82	0.64	0.42	0.70	1.00	0.72	0.20
8000000	0.01	150.32	0.66	0.29	0.70	0.98	0.66	0.19
